sample	Chrom	Start	End	value
TCGA-66-2789-01A	1	3301765	46497094	0.1239
TCGA-66-2789-01A	1	46502218	59285254	0.0759
TCGA-66-2789-01A	1	59285958	59841518	-0.4093
TCGA-66-2789-01A	1	59842130	61765765	0.0912
TCGA-66-2789-01A	1	61778180	61858779	-0.3377
TCGA-66-2789-01A	1	61861665	67605417	0.0614
TCGA-66-2789-01A	1	67605499	67782545	-0.3945
TCGA-66-2789-01A	1	67782989	87894402	0.0369
TCGA-66-2789-01A	1	87895102	87938837	-0.3794
TCGA-66-2789-01A	1	87940512	111609980	0.0387
TCGA-66-2789-01A	1	111612005	111746959	-0.4094
TCGA-66-2789-01A	1	111747361	173312960	0.0549
TCGA-66-2789-01A	1	173314005	173421006	-0.5108
TCGA-66-2789-01A	1	173422208	187450843	0.0473
TCGA-66-2789-01A	1	187457697	187495952	0.4627
TCGA-66-2789-01A	1	187498820	193109284	0.0062
TCGA-66-2789-01A	1	193113019	196314813	-0.448
TCGA-66-2789-01A	1	196317644	196627527	0.0558
TCGA-66-2789-01A	1	196627608	199711195	-0.0139
TCGA-66-2789-01A	1	199715415	214538003	0.0566
TCGA-66-2789-01A	1	214538563	214583499	-0.4438
TCGA-66-2789-01A	1	214586976	233791434	0.0563
TCGA-66-2789-01A	1	233791593	233791819	-2.4677
TCGA-66-2789-01A	1	233791899	246026700	0.0489
TCGA-66-2789-01A	1	246435044	247600555	0.3755
TCGA-66-2789-01A	1	247602365	247650984	-0.0513
TCGA-66-2789-01A	2	480597	9149895	0.3579
TCGA-66-2789-01A	2	9150228	9178413	-0.1599
TCGA-66-2789-01A	2	9180454	9415857	0.3716
TCGA-66-2789-01A	2	9424522	18831660	0.641
TCGA-66-2789-01A	2	18831759	19019149	0.4063
TCGA-66-2789-01A	2	19025330	61179303	0.6526
TCGA-66-2789-01A	2	61180110	70354182	0.4175
TCGA-66-2789-01A	2	70356319	70356761	-2.0332
TCGA-66-2789-01A	2	70357504	88831240	0.3808
TCGA-66-2789-01A	2	88831554	168541142	0.0125
TCGA-66-2789-01A	2	168542275	168685320	-0.4801
TCGA-66-2789-01A	2	168687371	177909518	0.0378
TCGA-66-2789-01A	2	177915100	185433729	-0.0143
TCGA-66-2789-01A	2	186024241	186372894	-0.4279
TCGA-66-2789-01A	2	186376812	186928271	0.0307
TCGA-66-2789-01A	2	186930938	186937430	-1.2034
TCGA-66-2789-01A	2	186941571	204796402	0.0046
TCGA-66-2789-01A	2	204796793	204808440	-1.5166
TCGA-66-2789-01A	2	204812468	207747040	0.0338
TCGA-66-2789-01A	2	207747339	209453355	0.2927
TCGA-66-2789-01A	2	209457216	209911905	-0.0034
TCGA-66-2789-01A	2	209913105	223355548	0.3212
TCGA-66-2789-01A	2	223356399	240451608	-0.0134
TCGA-66-2789-01A	2	240470237	241027672	-0.4974
TCGA-66-2789-01A	2	241029616	241031986	-3.122
TCGA-66-2789-01A	2	241032385	241537572	-0.4792
TCGA-66-2789-01A	3	2170634	50083543	0.0457
TCGA-66-2789-01A	3	50088782	50913659	-1.0888
TCGA-66-2789-01A	3	50913772	89075925	-0.4309
TCGA-66-2789-01A	3	89077398	89875594	0.0078
TCGA-66-2789-01A	3	89875609	91462299	-0.384
TCGA-66-2789-01A	3	94015345	95561645	-0.0141
TCGA-66-2789-01A	3	95564925	95565040	-2.0703
TCGA-66-2789-01A	3	95565508	106508739	0.0048
TCGA-66-2789-01A	3	106510243	106510329	-2.229
TCGA-66-2789-01A	3	106512845	107604422	0.0135
TCGA-66-2789-01A	3	107605581	107876366	0.3433
TCGA-66-2789-01A	3	107877392	107981468	0.5958
TCGA-66-2789-01A	3	107981483	117991070	0.0113
TCGA-66-2789-01A	3	117991249	118527381	0.314
TCGA-66-2789-01A	3	118527621	132316711	0.6107
TCGA-66-2789-01A	3	132317241	132318148	-0.1757
TCGA-66-2789-01A	3	132318752	142605869	0.7923
TCGA-66-2789-01A	3	142607412	180232637	0.7653
TCGA-66-2789-01A	3	180235430	197812401	0.8005
TCGA-66-2789-01A	4	1059384	9719161	0.0731
TCGA-66-2789-01A	4	9722163	74134067	0.0237
TCGA-66-2789-01A	4	74135802	75601125	-0.0957
TCGA-66-2789-01A	4	75604633	82605072	0.0292
TCGA-66-2789-01A	4	82607465	82928428	-0.3797
TCGA-66-2789-01A	4	82930540	115614032	-0.0012
TCGA-66-2789-01A	4	115616858	115748539	-0.5249
TCGA-66-2789-01A	4	115875096	150040726	-0.0039
TCGA-66-2789-01A	4	150041001	150187514	-0.3805
TCGA-66-2789-01A	4	150188209	166948048	-0.0029
TCGA-66-2789-01A	4	166954883	168159908	-0.5177
TCGA-66-2789-01A	4	168162316	168167754	-2.342
TCGA-66-2789-01A	4	168171150	168612644	-0.482
TCGA-66-2789-01A	4	168614615	169003223	-1.1969
TCGA-66-2789-01A	4	169004713	171100096	-0.5102
TCGA-66-2789-01A	4	171100743	171103999	-3.0192
TCGA-66-2789-01A	4	171105070	187842528	-0.5209
TCGA-66-2789-01A	5	913983	914507	-0.8251
TCGA-66-2789-01A	5	918244	17455690	0.37
TCGA-66-2789-01A	5	17457157	30358360	0.3207
TCGA-66-2789-01A	5	30359432	30367337	-1.7775
TCGA-66-2789-01A	5	30367369	31279198	0.3263
TCGA-66-2789-01A	5	31279773	45383300	0.362
TCGA-66-2789-01A	5	50828231	116488185	-0.4345
TCGA-66-2789-01A	5	116488943	116544277	-1.2
TCGA-66-2789-01A	5	116546902	124592518	-0.4266
TCGA-66-2789-01A	5	124594036	124793617	-1.1255
TCGA-66-2789-01A	5	124795863	180934240	-0.4299
TCGA-66-2789-01A	6	1011760	1045690	-0.2699
TCGA-66-2789-01A	6	1045916	20599694	-0.1342
TCGA-66-2789-01A	6	20600469	61530738	-0.2183
TCGA-66-2789-01A	6	61596503	64443863	0.2402
TCGA-66-2789-01A	6	64450047	72294122	0.1433
TCGA-66-2789-01A	6	72294127	87151300	0.1892
TCGA-66-2789-01A	6	87159837	87265876	-0.3033
TCGA-66-2789-01A	6	87269072	144354312	0.1672
TCGA-66-2789-01A	6	144365727	144590222	-0.2833
TCGA-66-2789-01A	6	144590773	149698044	0.1681
TCGA-66-2789-01A	6	149701444	149790418	-0.4338
TCGA-66-2789-01A	6	149791373	151135664	0.2103
TCGA-66-2789-01A	6	151138645	157325326	0.1606
TCGA-66-2789-01A	6	157330082	159565888	0.2383
TCGA-66-2789-01A	6	159566091	159792704	-0.3834
TCGA-66-2789-01A	6	159796464	170596889	0.2569
TCGA-66-2789-01A	7	664936	7296339	0.0194
TCGA-66-2789-01A	7	7296792	56290106	-0.0374
TCGA-66-2789-01A	7	56291432	66848687	0.0439
TCGA-66-2789-01A	7	66849842	66943275	-0.3709
TCGA-66-2789-01A	7	66951122	69684437	0.0578
TCGA-66-2789-01A	7	69688335	69785590	-0.4562
TCGA-66-2789-01A	7	69787043	71776556	0.0294
TCGA-66-2789-01A	7	71783691	71801548	0.7235
TCGA-66-2789-01A	7	71802254	76185458	0.0856
TCGA-66-2789-01A	7	76185639	96213756	0.0079
TCGA-66-2789-01A	7	96216668	107131904	0.0443
TCGA-66-2789-01A	7	107131953	126791293	-0.0101
TCGA-66-2789-01A	7	126792340	142246513	0.0348
TCGA-66-2789-01A	7	142262927	142523057	0.6447
TCGA-66-2789-01A	7	142544396	145976254	0.0149
TCGA-66-2789-01A	7	145978714	146089687	0.3736
TCGA-66-2789-01A	7	146093338	151331132	0.0367
TCGA-66-2789-01A	7	151333383	151598064	0.6905
TCGA-66-2789-01A	7	151599501	158592540	0.0403
TCGA-66-2789-01A	8	667625	38096373	-0.4107
TCGA-66-2789-01A	8	38099463	38258196	1.7435
TCGA-66-2789-01A	8	38259191	40289415	2.0126
TCGA-66-2789-01A	8	40291927	40367507	1.5417
TCGA-66-2789-01A	8	40367593	46884340	0.5158
TCGA-66-2789-01A	8	46884798	81544055	0.4357
TCGA-66-2789-01A	8	81550013	90774771	0.3839
TCGA-66-2789-01A	8	90777060	108177818	0.4332
TCGA-66-2789-01A	8	108179440	109601180	0.3835
TCGA-66-2789-01A	8	109604123	109604765	-1.5235
TCGA-66-2789-01A	8	109604963	117030623	0.3642
TCGA-66-2789-01A	8	117030818	125915893	0.4473
TCGA-66-2789-01A	8	125916046	125926317	-1.0102
TCGA-66-2789-01A	8	125930102	129364814	0.4451
TCGA-66-2789-01A	8	129370767	129450932	-0.9948
TCGA-66-2789-01A	8	129451585	134501185	0.4308
TCGA-66-2789-01A	8	134503714	134697937	0.1085
TCGA-66-2789-01A	8	134699692	139320832	0.4285
TCGA-66-2789-01A	8	139322233	144182542	0.5096
TCGA-66-2789-01A	9	789794	19511098	-0.4099
TCGA-66-2789-01A	9	19511369	19512413	-2.6766
TCGA-66-2789-01A	9	19515521	23583323	-0.4006
TCGA-66-2789-01A	9	23583332	23583600	-2.8041
TCGA-66-2789-01A	9	23584958	33868631	-0.4042
TCGA-66-2789-01A	9	33870942	36318243	0.0738
TCGA-66-2789-01A	9	36319106	96071957	-0.3913
TCGA-66-2789-01A	9	96072267	96073833	-2.0008
TCGA-66-2789-01A	9	96075978	134766408	-0.3825
TCGA-66-2789-01A	9	134774568	138044505	0.1682
TCGA-66-2789-01A	10	366509	36441766	-0.3523
TCGA-66-2789-01A	10	36442348	68166176	0.071
TCGA-66-2789-01A	10	68167255	80806946	0.122
TCGA-66-2789-01A	10	80807134	86739198	0.078
TCGA-66-2789-01A	10	86739927	97008782	-0.3923
TCGA-66-2789-01A	10	97009281	97011079	-2.879
TCGA-66-2789-01A	10	97011429	133411599	-0.4008
TCGA-66-2789-01A	11	456012	7897239	-0.4006
TCGA-66-2789-01A	11	7901104	22662954	0.0586
TCGA-66-2789-01A	11	22663526	50085543	-0.413
TCGA-66-2789-01A	11	50088070	62651415	0.0603
TCGA-66-2789-01A	11	62654715	64464423	0.4305
TCGA-66-2789-01A	11	64469561	64828200	-0.2971
TCGA-66-2789-01A	11	65902628	66964195	0.0756
TCGA-66-2789-01A	11	66965350	69885212	-0.3931
TCGA-66-2789-01A	11	69954050	69982527	0.0363
TCGA-66-2789-01A	11	69984330	79351885	0.4165
TCGA-66-2789-01A	11	79352676	79357237	-1.722
TCGA-66-2789-01A	11	79357349	82935922	0.3664
TCGA-66-2789-01A	11	82939703	83033454	0.0928
TCGA-66-2789-01A	11	83035189	84006844	0.3967
TCGA-66-2789-01A	11	84007170	84583229	0.6019
TCGA-66-2789-01A	11	84589915	134272740	0.3754
TCGA-66-2789-01A	12	780472	14740198	0.1142
TCGA-66-2789-01A	12	14740388	92012117	0.0783
TCGA-66-2789-01A	12	92012651	92093851	-0.4447
TCGA-66-2789-01A	12	92097649	97490185	0.081
TCGA-66-2789-01A	12	97490360	97490432	-3.08
TCGA-66-2789-01A	12	97490543	107624821	0.0746
TCGA-66-2789-01A	12	107625440	126095342	0.1204
TCGA-66-2789-01A	12	126101913	127091148	0.4097
TCGA-66-2789-01A	12	127101309	132605822	0.0689
TCGA-66-2789-01A	13	18874255	34658813	0.0019
TCGA-66-2789-01A	13	34660298	34916326	-0.5072
TCGA-66-2789-01A	13	34916340	87108648	-0.0201
TCGA-66-2789-01A	13	87110868	91521738	-0.1021
TCGA-66-2789-01A	13	91523402	114226675	-0.0091
TCGA-66-2789-01A	14	20033191	77130705	-0.3613
TCGA-66-2789-01A	14	77131038	77900749	0.1349
TCGA-66-2789-01A	14	77902267	94133599	0.0924
TCGA-66-2789-01A	14	94134498	94170789	-0.3898
TCGA-66-2789-01A	14	94178263	97776606	0.0943
TCGA-66-2789-01A	14	97777465	97792410	-0.5894
TCGA-66-2789-01A	14	97794539	99327879	0.0805
TCGA-66-2789-01A	14	99329112	104819086	0.1429
TCGA-66-2789-01A	14	104835853	105289337	0.5002
TCGA-66-2789-01A	14	105290275	105302965	-0.7962
TCGA-66-2789-01A	14	105303820	105533894	0.5057
TCGA-66-2789-01A	15	23437561	39320675	0.0672
TCGA-66-2789-01A	15	39320842	39488146	-0.4529
TCGA-66-2789-01A	15	39490279	41757174	0.0997
TCGA-66-2789-01A	15	41769676	41892061	-0.3883
TCGA-66-2789-01A	15	41893284	75919362	0.0702
TCGA-66-2789-01A	15	75919672	101344124	0.416
TCGA-66-2789-01A	16	603333	31841585	0.0912
TCGA-66-2789-01A	16	46470502	89317317	-0.3859
TCGA-66-2789-01A	17	1074619	47862923	-0.3646
TCGA-66-2789-01A	17	47863299	56349507	0.0658
TCGA-66-2789-01A	17	56352390	73820787	0.4241
TCGA-66-2789-01A	17	73829384	82949683	0.1193
TCGA-66-2789-01A	17	82950313	82959812	-0.2259
TCGA-66-2789-01A	18	326691	4964931	0.3485
TCGA-66-2789-01A	18	5013859	9397174	0.035
TCGA-66-2789-01A	18	9399220	13436566	-0.424
TCGA-66-2789-01A	18	13436872	13457846	-1.2389
TCGA-66-2789-01A	18	13458064	14632450	-0.4223
TCGA-66-2789-01A	18	14641845	79349796	0.018
TCGA-66-2789-01A	19	283868	5454214	-0.32
TCGA-66-2789-01A	19	5454752	5455375	-3.2848
TCGA-66-2789-01A	19	5455411	9713410	-0.3466
TCGA-66-2789-01A	19	9720508	9779054	-1.083
TCGA-66-2789-01A	19	9780852	16471209	-0.3375
TCGA-66-2789-01A	19	16472249	32372700	0.0681
TCGA-66-2789-01A	19	32373659	32500913	-0.3908
TCGA-66-2789-01A	19	32501271	49874886	0.0942
TCGA-66-2789-01A	19	50090736	58370362	0.4774
TCGA-66-2789-01A	20	472817	12932207	0.0735
TCGA-66-2789-01A	20	12932394	12996800	-0.4018
TCGA-66-2789-01A	20	12996858	25275630	0.0683
TCGA-66-2789-01A	20	25277732	63588502	0.1034
TCGA-66-2789-01A	21	13974127	18869291	0.0444
TCGA-66-2789-01A	21	18876856	25479211	0.0014
TCGA-66-2789-01A	21	25482035	46262057	0.0615
TCGA-66-2789-01A	22	16934932	17560459	0.4544
TCGA-66-2789-01A	22	17566147	17585960	-1.2111
TCGA-66-2789-01A	22	17586019	17871584	0.4703
TCGA-66-2789-01A	22	17871891	18131162	0.9338
TCGA-66-2789-01A	22	21741482	48940621	-0.3635
TCGA-66-2789-01A	X	3236359	9772916	0.0311
TCGA-66-2789-01A	X	9775615	10465388	-0.2802
TCGA-66-2789-01A	X	10465510	17458888	0.0338
TCGA-66-2789-01A	X	17465757	17585555	-1.5487
TCGA-66-2789-01A	X	17585962	30746933	0.0162
TCGA-66-2789-01A	X	30748781	30759795	-2.2616
TCGA-66-2789-01A	X	30761470	40386820	0.0081
TCGA-66-2789-01A	X	40389146	40410060	-1.5872
TCGA-66-2789-01A	X	40410252	41957646	0.0766
TCGA-66-2789-01A	X	41959892	42193702	0.7144
TCGA-66-2789-01A	X	42196829	56864156	0.0372
TCGA-66-2789-01A	X	56865720	56868085	-2.9755
TCGA-66-2789-01A	X	56868233	72088570	0.0389
TCGA-66-2789-01A	X	72088938	72089071	-5.0784
TCGA-66-2789-01A	X	72091857	79291684	0.0373
TCGA-66-2789-01A	X	79292166	79301887	-2.5787
TCGA-66-2789-01A	X	79302540	79682233	-0.0306
TCGA-66-2789-01A	X	79683043	79686158	-3.0185
TCGA-66-2789-01A	X	79686297	87149542	-0.0012
TCGA-66-2789-01A	X	87150083	94690756	-0.0889
TCGA-66-2789-01A	X	94691184	106711979	0.0133
TCGA-66-2789-01A	X	106712142	106723828	-1.2168
TCGA-66-2789-01A	X	106726083	124906506	0.0198
TCGA-66-2789-01A	X	124907481	125056723	-1.9432
TCGA-66-2789-01A	X	125060394	155677414	0.0187
TCGA-34-2604-01A	1	3301765	40635095	0.0141
TCGA-34-2604-01A	1	40638221	242860040	0.0367
TCGA-34-2604-01A	1	242863256	247650984	0.0119
TCGA-34-2604-01A	2	480597	8332067	0.2609
TCGA-34-2604-01A	2	8335484	8336499	-0.8735
TCGA-34-2604-01A	2	8338261	54493310	0.2728
TCGA-34-2604-01A	2	54493766	54823335	0.0248
TCGA-34-2604-01A	2	54824690	68127777	0.2758
TCGA-34-2604-01A	2	68127832	68431954	-0.0539
TCGA-34-2604-01A	2	68432386	79472285	0.2723
TCGA-34-2604-01A	2	79472456	80709742	-0.0212
TCGA-34-2604-01A	2	80715551	88831554	0.2707
TCGA-34-2604-01A	2	94675825	95266865	-0.0017
TCGA-34-2604-01A	2	95285628	101045341	0.2793
TCGA-34-2604-01A	2	101048826	109379771	0.0037
TCGA-34-2604-01A	2	109380824	110795938	0.2847
TCGA-34-2604-01A	2	110796604	111742015	-0.0039
TCGA-34-2604-01A	2	111742458	114045946	0.3049
TCGA-34-2604-01A	2	114046274	115032076	0.0035
TCGA-34-2604-01A	2	115036897	117175447	0.2785
TCGA-34-2604-01A	2	117176374	241537572	0.0116
TCGA-34-2604-01A	3	2170634	36550379	-0.1327
TCGA-34-2604-01A	3	36550546	68483119	-0.1507
TCGA-34-2604-01A	3	68483695	90368798	-0.1296
TCGA-34-2604-01A	3	90369509	112494938	0.1907
TCGA-34-2604-01A	3	112496711	135345744	0.1677
TCGA-34-2604-01A	3	135346425	138692794	0.2659
TCGA-34-2604-01A	3	138694299	142003705	0.1768
TCGA-34-2604-01A	3	142003912	197812401	0.6356
TCGA-34-2604-01A	4	1059384	1234891	-0.0696
TCGA-34-2604-01A	4	1235306	9714489	-0.17
TCGA-34-2604-01A	4	9714762	36237484	-0.1319
TCGA-34-2604-01A	4	36240300	46600404	0.182
TCGA-34-2604-01A	4	46601111	57431945	0.0281
TCGA-34-2604-01A	4	57431991	57432273	-1.5522
TCGA-34-2604-01A	4	57432487	117005134	0.0456
TCGA-34-2604-01A	4	117006655	118545358	0.1937
TCGA-34-2604-01A	4	118548865	152256973	-0.1289
TCGA-34-2604-01A	4	152257445	152264974	-1.1914
TCGA-34-2604-01A	4	152266930	153833808	-0.1293
TCGA-34-2604-01A	4	153834034	154311681	-0.316
TCGA-34-2604-01A	4	154313672	162239930	-0.1167
TCGA-34-2604-01A	4	162240324	162241307	-2.4826
TCGA-34-2604-01A	4	162245100	179305041	-0.1214
TCGA-34-2604-01A	4	179309273	187842528	-0.3287
TCGA-34-2604-01A	5	913983	45383300	0.1857
TCGA-34-2604-01A	5	50828231	76671407	-0.1304
TCGA-34-2604-01A	5	76671804	76672693	-1.9662
TCGA-34-2604-01A	5	76672823	77184543	-0.1516
TCGA-34-2604-01A	5	77184653	77195326	-0.6809
TCGA-34-2604-01A	5	77196177	86218811	-0.1163
TCGA-34-2604-01A	5	86218870	86218999	-1.8868
TCGA-34-2604-01A	5	86219502	98753881	-0.1113
TCGA-34-2604-01A	5	98755278	98760265	-1.9632
TCGA-34-2604-01A	5	98765973	171655950	-0.1268
TCGA-34-2604-01A	5	171657596	173724424	0.1916
TCGA-34-2604-01A	5	173727151	180934240	-0.1556
TCGA-34-2604-01A	6	1011760	1686365	-0.1143
TCGA-34-2604-01A	6	1688157	1688766	-1.7046
TCGA-34-2604-01A	6	1694485	9612044	-0.1313
TCGA-34-2604-01A	6	9613076	9613364	-2.0641
TCGA-34-2604-01A	6	9614502	36674843	-0.1364
TCGA-34-2604-01A	6	36675059	47177237	-0.3502
TCGA-34-2604-01A	6	47177636	47772916	0.6713
TCGA-34-2604-01A	6	47774509	47776587	-0.1814
TCGA-34-2604-01A	6	47778708	48354088	0.1763
TCGA-34-2604-01A	6	48356785	48733376	-0.0899
TCGA-34-2604-01A	6	48735486	48997901	0.2458
TCGA-34-2604-01A	6	49002667	53679370	-0.1121
TCGA-34-2604-01A	6	53682017	57304917	0.178
TCGA-34-2604-01A	6	57309539	89324356	-0.1141
TCGA-34-2604-01A	6	89327264	92624553	0.166
TCGA-34-2604-01A	6	92637791	92696887	0.9814
TCGA-34-2604-01A	6	92701135	139791907	-0.1194
TCGA-34-2604-01A	6	139798206	140208570	0.1765
TCGA-34-2604-01A	6	140212545	161897114	-0.1304
TCGA-34-2604-01A	6	161897173	162173909	-0.3424
TCGA-34-2604-01A	6	162174340	162209667	-0.6288
TCGA-34-2604-01A	6	162210233	162215598	-0.3338
TCGA-34-2604-01A	6	162700862	170596889	-0.1473
TCGA-34-2604-01A	7	664936	44237244	0.0371
TCGA-34-2604-01A	7	44243472	44455475	-0.3853
TCGA-34-2604-01A	7	44458719	53192528	0.0347
TCGA-34-2604-01A	7	53192638	55136481	-0.3148
TCGA-34-2604-01A	7	55138237	69984510	0.0199
TCGA-34-2604-01A	7	69988459	70303978	-0.1717
TCGA-34-2604-01A	7	70306321	70586647	0.0536
TCGA-34-2604-01A	7	70587497	70630766	-0.2417
TCGA-34-2604-01A	7	70631048	147031160	0.0532
TCGA-34-2604-01A	7	147033277	147039267	-1.06
TCGA-34-2604-01A	7	147040975	158592540	0.0397
TCGA-34-2604-01A	8	667625	3938599	-0.3234
TCGA-34-2604-01A	8	3938771	5062853	-0.5935
TCGA-34-2604-01A	8	5063332	28855172	-0.3413
TCGA-34-2604-01A	8	28857197	56872429	0.2998
TCGA-34-2604-01A	8	56872683	66464185	-0.3363
TCGA-34-2604-01A	8	66469900	117507830	0.0337
TCGA-34-2604-01A	8	117512331	117783964	-0.1622
TCGA-34-2604-01A	8	117784869	123916022	0.0194
TCGA-34-2604-01A	8	123920780	134666561	0.5208
TCGA-34-2604-01A	8	134685708	139436625	0.4802
TCGA-34-2604-01A	8	139437592	144182542	0.5166
TCGA-34-2604-01A	9	789794	21839133	-0.0974
TCGA-34-2604-01A	9	21846286	22140864	-0.5401
TCGA-34-2604-01A	9	22144686	138044505	-0.1041
TCGA-34-2604-01A	10	366509	57285938	0.0279
TCGA-34-2604-01A	10	57290769	57291532	-2.297
TCGA-34-2604-01A	10	57292087	118093352	0.0347
TCGA-34-2604-01A	10	118093943	118095352	-2.3269
TCGA-34-2604-01A	10	118097688	127214414	0.0341
TCGA-34-2604-01A	10	127216414	127217544	-1.639
TCGA-34-2604-01A	10	127218597	133411599	0.0082
TCGA-34-2604-01A	11	456012	30713972	0.0328
TCGA-34-2604-01A	11	30714836	30718139	-1.5688
TCGA-34-2604-01A	11	30718221	36739761	0.0331
TCGA-34-2604-01A	11	36741383	36742194	-2.1114
TCGA-34-2604-01A	11	36742263	68755235	0.02
TCGA-34-2604-01A	11	68756486	68865140	-0.5526
TCGA-34-2604-01A	11	68866476	79763222	0.0045
TCGA-34-2604-01A	11	79763562	90501360	0.0374
TCGA-34-2604-01A	11	90502541	94713923	0.009
TCGA-34-2604-01A	11	94716711	94882201	-0.1566
TCGA-34-2604-01A	11	94882406	111824271	0.0311
TCGA-34-2604-01A	11	111828290	112011675	-0.3625
TCGA-34-2604-01A	11	112014570	134272740	0.013
TCGA-34-2604-01A	12	780472	11866133	-0.1577
TCGA-34-2604-01A	12	11866155	27998676	-0.1205
TCGA-34-2604-01A	12	27999658	28142795	-0.3679
TCGA-34-2604-01A	12	28144514	32943970	-0.1268
TCGA-34-2604-01A	12	32945302	43508833	-0.0865
TCGA-34-2604-01A	12	43512567	43512735	-1.9054
TCGA-34-2604-01A	12	43513348	85484362	-0.099
TCGA-34-2604-01A	12	85486658	85798805	-0.1941
TCGA-34-2604-01A	12	85799370	91163809	0.2138
TCGA-34-2604-01A	12	91164606	91272487	-0.2934
TCGA-34-2604-01A	12	91272602	132605822	0.1923
TCGA-34-2604-01A	13	18874255	41194740	-0.1369
TCGA-34-2604-01A	13	41195524	41364696	-0.5935
TCGA-34-2604-01A	13	41369132	70414752	-0.1252
TCGA-34-2604-01A	13	70416329	70416637	-2.0866
TCGA-34-2604-01A	13	70417347	109755138	-0.1169
TCGA-34-2604-01A	13	109755559	114226675	-0.1708
TCGA-34-2604-01A	14	20033191	78720142	-0.1346
TCGA-34-2604-01A	14	78720156	86328740	-0.1073
TCGA-34-2604-01A	14	86332679	105533894	-0.1424
TCGA-34-2604-01A	15	23437561	48936534	-0.3412
TCGA-34-2604-01A	15	48938803	54349317	0.0393
TCGA-34-2604-01A	15	54352392	54352475	-1.6733
TCGA-34-2604-01A	15	54360069	58043882	0.027
TCGA-34-2604-01A	15	58044020	58110189	0.4705
TCGA-34-2604-01A	15	58116205	75899352	0.0251
TCGA-34-2604-01A	15	75901963	75932604	0.2237
TCGA-34-2604-01A	15	75933379	75943493	0.6549
TCGA-34-2604-01A	15	75943957	76021507	0.2138
TCGA-34-2604-01A	15	76022183	81334384	0.0224
TCGA-34-2604-01A	15	81335489	82289098	-0.1432
TCGA-34-2604-01A	15	82551194	101344124	0.1849
TCGA-34-2604-01A	16	603333	5328743	0.1483
TCGA-34-2604-01A	16	5328765	5328784	-1.3953
TCGA-34-2604-01A	16	5328841	6395053	0.1786
TCGA-34-2604-01A	16	6398437	6399364	-1.182
TCGA-34-2604-01A	16	6399388	47606321	0.1502
TCGA-34-2604-01A	16	47606766	89317317	-0.1444
TCGA-34-2604-01A	17	1074619	40320553	-0.1599
TCGA-34-2604-01A	17	40320823	82959812	0.167
TCGA-34-2604-01A	18	326691	14023033	0.1551
TCGA-34-2604-01A	18	14026499	14026536	-1.2605
TCGA-34-2604-01A	18	14026963	14656199	0.1377
TCGA-34-2604-01A	18	14660483	49837699	-0.1153
TCGA-34-2604-01A	18	49840108	53039795	0.0437
TCGA-34-2604-01A	18	53039820	79349796	-0.1142
TCGA-34-2604-01A	19	283868	23600016	-0.1521
TCGA-34-2604-01A	19	23603256	34193835	0.1492
TCGA-34-2604-01A	19	34195599	34412588	-0.1785
TCGA-34-2604-01A	19	34414139	58370362	0.1696
TCGA-34-2604-01A	20	472817	10471342	0.0219
TCGA-34-2604-01A	20	10471662	11323160	0.2057
TCGA-34-2604-01A	20	11323403	14710476	0.031
TCGA-34-2604-01A	20	14711021	15217244	-1.085
TCGA-34-2604-01A	20	15221034	15319530	-0.0028
TCGA-34-2604-01A	20	15327324	63588502	0.1699
TCGA-34-2604-01A	21	13974127	46262057	-0.134
TCGA-34-2604-01A	22	16934932	17841522	0.3188
TCGA-34-2604-01A	22	17846233	18130970	0.555
TCGA-34-2604-01A	22	18131162	48940621	0.0112
TCGA-34-2604-01A	X	3236359	6419869	9e-04
TCGA-34-2604-01A	X	6421226	6425521	-1.1481
TCGA-34-2604-01A	X	6427181	6521514	-0.0018
TCGA-34-2604-01A	X	6522752	9362470	0.1972
TCGA-34-2604-01A	X	9362635	32433333	-0.0055
TCGA-34-2604-01A	X	32437094	32951163	-0.2491
TCGA-34-2604-01A	X	34015333	40044312	-0.0021
TCGA-34-2604-01A	X	40049464	40117600	-0.4212
TCGA-34-2604-01A	X	40118756	152674889	-1e-04
TCGA-34-2604-01A	X	153434224	155677414	0.3519
TCGA-37-A5EL-01A	1	3301765	59200432	-0.5565
TCGA-37-A5EL-01A	1	59203443	94819222	-0.5185
TCGA-37-A5EL-01A	1	94821524	94822131	-3.5727
TCGA-37-A5EL-01A	1	94823252	109244767	-0.5003
TCGA-37-A5EL-01A	1	109244871	109252404	-3.5044
TCGA-37-A5EL-01A	1	109264964	119979137	-0.5275
TCGA-37-A5EL-01A	1	119979978	149958935	0.3838
TCGA-37-A5EL-01A	1	149962017	150176837	0.8613
TCGA-37-A5EL-01A	1	150177309	159162136	0.4417
TCGA-37-A5EL-01A	1	159162742	159655876	-0.1127
TCGA-37-A5EL-01A	1	159659979	160768356	1.8035
TCGA-37-A5EL-01A	1	160768552	161214307	2.2876
TCGA-37-A5EL-01A	1	161214422	170669218	1.1658
TCGA-37-A5EL-01A	1	170669944	178437933	0.9139
TCGA-37-A5EL-01A	1	178438683	179640923	1.2939
TCGA-37-A5EL-01A	1	179652797	179825302	2.34
TCGA-37-A5EL-01A	1	179830295	188669604	0.2574
TCGA-37-A5EL-01A	1	188670247	193932376	0.3365
TCGA-37-A5EL-01A	1	193935341	232185845	-0.1182
TCGA-37-A5EL-01A	1	232185923	232185945	-2.9078
TCGA-37-A5EL-01A	1	232185959	247650984	-0.1201
TCGA-37-A5EL-01A	2	480597	45921817	0.4371
TCGA-37-A5EL-01A	2	45925346	48848788	1.2381
TCGA-37-A5EL-01A	2	48850993	51133337	0.9237
TCGA-37-A5EL-01A	2	51136217	52624435	0.7695
TCGA-37-A5EL-01A	2	52627429	53003697	0.5299
TCGA-37-A5EL-01A	2	53006050	53674760	0.7509
TCGA-37-A5EL-01A	2	53675129	63796797	0.9112
TCGA-37-A5EL-01A	2	63802268	78618505	0.6985
TCGA-37-A5EL-01A	2	78618597	79470645	0.8444
TCGA-37-A5EL-01A	2	79470856	98725492	0.1308
TCGA-37-A5EL-01A	2	98726319	98797892	0.9525
TCGA-37-A5EL-01A	2	98799125	98823728	-0.0617
TCGA-37-A5EL-01A	2	98825912	99078654	0.8884
TCGA-37-A5EL-01A	2	99080344	115972291	0.564
TCGA-37-A5EL-01A	2	115978479	116112617	0.1287
TCGA-37-A5EL-01A	2	116118808	130728626	-0.0351
TCGA-37-A5EL-01A	2	130731690	130969690	-0.2158
TCGA-37-A5EL-01A	2	130975578	130975831	-2.538
TCGA-37-A5EL-01A	2	130976275	140468573	-0.1626
TCGA-37-A5EL-01A	2	140469373	140507511	0.0534
TCGA-37-A5EL-01A	2	140507793	140930355	-0.4849
TCGA-37-A5EL-01A	2	140933102	141403878	-1.3374
TCGA-37-A5EL-01A	2	141406891	141433732	-0.5758
TCGA-37-A5EL-01A	2	141438187	142448064	-0.1254
TCGA-37-A5EL-01A	2	142449246	161558555	-0.5494
TCGA-37-A5EL-01A	2	161561314	168880358	0.1699
TCGA-37-A5EL-01A	2	168880463	191989775	0.6372
TCGA-37-A5EL-01A	2	191990685	217407175	0.4262
TCGA-37-A5EL-01A	2	217424968	217757569	-0.1333
TCGA-37-A5EL-01A	2	217758766	222208660	0.4463
TCGA-37-A5EL-01A	2	222210154	233311460	-0.1492
TCGA-37-A5EL-01A	2	233313041	241537572	-0.5996
TCGA-37-A5EL-01A	3	2170634	91462299	-0.3947
TCGA-37-A5EL-01A	3	94015345	94548931	0.7414
TCGA-37-A5EL-01A	3	94549938	107957486	0.524
TCGA-37-A5EL-01A	3	107957569	107958354	-1.5667
TCGA-37-A5EL-01A	3	107959919	117030798	0.52
TCGA-37-A5EL-01A	3	117033609	117085211	0.9067
TCGA-37-A5EL-01A	3	117092325	126397025	0.5042
TCGA-37-A5EL-01A	3	126398675	127038662	0.2389
TCGA-37-A5EL-01A	3	127039106	127040314	-1.5351
TCGA-37-A5EL-01A	3	127040945	131120608	0.2383
TCGA-37-A5EL-01A	3	131125689	141347800	0.8846
TCGA-37-A5EL-01A	3	141348044	154272960	0.7164
TCGA-37-A5EL-01A	3	154273311	157506851	1.0047
TCGA-37-A5EL-01A	3	157508122	162102160	1.246
TCGA-37-A5EL-01A	3	162103668	170065457	1.3216
TCGA-37-A5EL-01A	3	170066707	186575925	1.2699
TCGA-37-A5EL-01A	3	186576031	186576101	-1.2329
TCGA-37-A5EL-01A	3	186576159	197812401	1.2782
TCGA-37-A5EL-01A	4	1059384	10334328	-0.5084
TCGA-37-A5EL-01A	4	10334408	28547643	-0.4599
TCGA-37-A5EL-01A	4	28547967	28549715	-2.5299
TCGA-37-A5EL-01A	4	28550087	40014379	-0.4149
TCGA-37-A5EL-01A	4	40015187	51832591	-0.5163
TCGA-37-A5EL-01A	4	51833594	59852975	0.1831
TCGA-37-A5EL-01A	4	59855290	62706069	1.7509
TCGA-37-A5EL-01A	4	62706082	64065621	2.5919
TCGA-37-A5EL-01A	4	64065680	64385011	3.3187
TCGA-37-A5EL-01A	4	64385367	64450292	2.6353
TCGA-37-A5EL-01A	4	64450610	69460938	-0.1047
TCGA-37-A5EL-01A	4	69461736	95475064	-0.523
TCGA-37-A5EL-01A	4	95493171	120639505	-0.1038
TCGA-37-A5EL-01A	4	120664181	154771689	-0.5083
TCGA-37-A5EL-01A	4	154778085	154783223	-2.0705
TCGA-37-A5EL-01A	4	154783251	187842528	-0.5088
TCGA-37-A5EL-01A	5	913983	11513682	0.5549
TCGA-37-A5EL-01A	5	11514507	40073980	0.0609
TCGA-37-A5EL-01A	5	40074127	41625562	-0.0923
TCGA-37-A5EL-01A	5	41625790	51238458	0.0974
TCGA-37-A5EL-01A	5	51248724	179217591	-0.5368
TCGA-37-A5EL-01A	5	179219192	179220917	-4.4543
TCGA-37-A5EL-01A	5	179221911	180934240	-0.5773
TCGA-37-A5EL-01A	6	1011760	6357967	-0.7827
TCGA-37-A5EL-01A	6	6363040	11943272	-0.552
TCGA-37-A5EL-01A	6	11943676	14848969	-0.4237
TCGA-37-A5EL-01A	6	14850355	15764407	-0.1518
TCGA-37-A5EL-01A	6	15764582	15764770	-2.4741
TCGA-37-A5EL-01A	6	15765518	22650870	-0.2071
TCGA-37-A5EL-01A	6	22652098	27742386	-0.3576
TCGA-37-A5EL-01A	6	27742470	35207081	-0.5518
TCGA-37-A5EL-01A	6	35208770	42834491	-0.3739
TCGA-37-A5EL-01A	6	42838144	46873743	1.9656
TCGA-37-A5EL-01A	6	46874069	48690213	1.4033
TCGA-37-A5EL-01A	6	48692973	48859587	-0.2502
TCGA-37-A5EL-01A	6	48859648	49520574	-0.543
TCGA-37-A5EL-01A	6	49527220	50683624	1.3974
TCGA-37-A5EL-01A	6	50686383	50719633	2.8196
TCGA-37-A5EL-01A	6	50738733	52498567	1.3507
TCGA-37-A5EL-01A	6	52499974	56993833	2.0077
TCGA-37-A5EL-01A	6	57001533	57302322	2.5809
TCGA-37-A5EL-01A	6	57304508	57347009	2.2066
TCGA-37-A5EL-01A	6	61527062	62787013	-0.4846
TCGA-37-A5EL-01A	6	62789617	64273690	-0.0839
TCGA-37-A5EL-01A	6	64274758	71309079	-0.4872
TCGA-37-A5EL-01A	6	71309304	81839830	-0.0676
TCGA-37-A5EL-01A	6	81840280	81840770	-2.3114
TCGA-37-A5EL-01A	6	81841364	96998233	-0.0851
TCGA-37-A5EL-01A	6	97001292	97013514	-1.2565
TCGA-37-A5EL-01A	6	97015848	99350959	-0.065
TCGA-37-A5EL-01A	6	99352777	170596889	-0.5297
TCGA-37-A5EL-01A	7	664936	3305354	1.2632
TCGA-37-A5EL-01A	7	3307851	3325809	-0.0502
TCGA-37-A5EL-01A	7	3469994	12714412	1.177
TCGA-37-A5EL-01A	7	12714644	12898031	-0.264
TCGA-37-A5EL-01A	7	12898615	19778941	1.1866
TCGA-37-A5EL-01A	7	19779048	53304350	1.037
TCGA-37-A5EL-01A	7	53304651	57170928	1.1294
TCGA-37-A5EL-01A	7	57176334	57864241	0.5593
TCGA-37-A5EL-01A	7	57876479	74543533	-0.0067
TCGA-37-A5EL-01A	7	74545016	78779875	0.0741
TCGA-37-A5EL-01A	7	78781824	85937453	0.6124
TCGA-37-A5EL-01A	7	85944344	111744060	0.5666
TCGA-37-A5EL-01A	7	111744098	128818764	0.4727
TCGA-37-A5EL-01A	7	128821477	158592540	0.4149
TCGA-37-A5EL-01A	8	667625	3797850	0.1276
TCGA-37-A5EL-01A	8	3797874	4120966	-0.2013
TCGA-37-A5EL-01A	8	4122254	16017656	0.1914
TCGA-37-A5EL-01A	8	16166875	19419598	-0.5543
TCGA-37-A5EL-01A	8	19421688	23817792	-0.6921
TCGA-37-A5EL-01A	8	23818450	25423891	0.1279
TCGA-37-A5EL-01A	8	25425333	33620142	0.3914
TCGA-37-A5EL-01A	8	33621901	51385005	0.1446
TCGA-37-A5EL-01A	8	51387109	86709121	0.053
TCGA-37-A5EL-01A	8	86709209	103560412	0.1258
TCGA-37-A5EL-01A	8	103565147	133536328	0.1686
TCGA-37-A5EL-01A	8	133537462	144182542	0.145
TCGA-37-A5EL-01A	9	789794	38752071	-0.5072
TCGA-37-A5EL-01A	9	68423153	92316840	0.7774
TCGA-37-A5EL-01A	9	92598089	138044505	0.3824
TCGA-37-A5EL-01A	10	366509	2186737	0.3228
TCGA-37-A5EL-01A	10	2189004	29568769	0.1036
TCGA-37-A5EL-01A	10	29570339	42452522	0.2093
TCGA-37-A5EL-01A	10	42457632	51070875	-0.1275
TCGA-37-A5EL-01A	10	51071264	67290452	-0.0793
TCGA-37-A5EL-01A	10	67291834	133411599	-0.1179
TCGA-37-A5EL-01A	11	456012	44940289	0.187
TCGA-37-A5EL-01A	11	44947205	50085543	-0.1612
TCGA-37-A5EL-01A	11	50088070	56539675	0.0443
TCGA-37-A5EL-01A	11	56541992	56858299	-0.3145
TCGA-37-A5EL-01A	11	56858541	58786269	-0.3696
TCGA-37-A5EL-01A	11	58790890	64194340	-0.5442
TCGA-37-A5EL-01A	11	64196595	91975606	-0.2551
TCGA-37-A5EL-01A	11	91976870	94257599	-0.1425
TCGA-37-A5EL-01A	11	94262603	111168621	-0.0951
TCGA-37-A5EL-01A	11	111168837	134255523	-0.1388
TCGA-37-A5EL-01A	11	134256604	134272740	-0.5847
TCGA-37-A5EL-01A	12	780472	28104353	0.1741
TCGA-37-A5EL-01A	12	28106263	29696715	0.254
TCGA-37-A5EL-01A	12	29698760	57837157	0.1734
TCGA-37-A5EL-01A	12	57837372	87526719	-0.1024
TCGA-37-A5EL-01A	12	87527845	87834951	-1.0123
TCGA-37-A5EL-01A	12	87835938	132605822	-0.1283
TCGA-37-A5EL-01A	13	18874255	32773275	0.1737
TCGA-37-A5EL-01A	13	32774430	70264006	0.2062
TCGA-37-A5EL-01A	13	70265050	102535920	-0.529
TCGA-37-A5EL-01A	13	102536013	104249486	0.2341
TCGA-37-A5EL-01A	13	104263418	105128361	0.6698
TCGA-37-A5EL-01A	13	105128737	114226675	0.2151
TCGA-37-A5EL-01A	14	20033191	23549129	-0.0573
TCGA-37-A5EL-01A	14	23552279	51631622	-0.5194
TCGA-37-A5EL-01A	14	51632889	51758323	0.2059
TCGA-37-A5EL-01A	14	51760620	52595557	-0.5415
TCGA-37-A5EL-01A	14	52602204	52712611	0.1942
TCGA-37-A5EL-01A	14	52717324	54745524	-0.5231
TCGA-37-A5EL-01A	14	54745571	105533894	0.168
TCGA-37-A5EL-01A	15	23437561	31660796	0.2309
TCGA-37-A5EL-01A	15	31663787	38866820	-0.4182
TCGA-37-A5EL-01A	15	38866874	38867020	-2.965
TCGA-37-A5EL-01A	15	38867148	40761052	-0.4106
TCGA-37-A5EL-01A	15	40761639	96312807	-0.0369
TCGA-37-A5EL-01A	15	96312972	96373364	-0.2783
TCGA-37-A5EL-01A	15	96374570	101344124	0.4934
TCGA-37-A5EL-01A	16	603333	31841585	0.1532
TCGA-37-A5EL-01A	16	46470502	59553070	0.7581
TCGA-37-A5EL-01A	16	59555067	60103440	1.3437
TCGA-37-A5EL-01A	16	60110645	60127779	0.8548
TCGA-37-A5EL-01A	16	60134026	79035464	-0.5344
TCGA-37-A5EL-01A	16	79036556	79188496	-3.0647
TCGA-37-A5EL-01A	16	79189115	86373790	-0.5692
TCGA-37-A5EL-01A	16	86374046	86374356	-4.3464
TCGA-37-A5EL-01A	16	86374607	89317317	-0.5984
TCGA-37-A5EL-01A	17	1074619	10474692	-0.1448
TCGA-37-A5EL-01A	17	10475972	21399695	-0.5316
TCGA-37-A5EL-01A	17	21774057	27139975	0.2337
TCGA-37-A5EL-01A	17	27141574	54797006	0.4258
TCGA-37-A5EL-01A	17	54800869	55284477	0.1433
TCGA-37-A5EL-01A	17	55286477	69294699	0.1994
TCGA-37-A5EL-01A	17	69294922	82959812	0.1084
TCGA-37-A5EL-01A	18	326691	33099509	0.4437
TCGA-37-A5EL-01A	18	33102669	37598423	-0.1523
TCGA-37-A5EL-01A	18	37599607	38477898	0.1804
TCGA-37-A5EL-01A	18	38481728	44923319	-0.5247
TCGA-37-A5EL-01A	18	44926861	50740923	-0.1394
TCGA-37-A5EL-01A	18	50741267	53096487	-1.1313
TCGA-37-A5EL-01A	18	53096515	61529374	-0.5257
TCGA-37-A5EL-01A	18	61530204	67786673	-1.1189
TCGA-37-A5EL-01A	18	67786800	67789449	-6.1117
TCGA-37-A5EL-01A	18	67789743	79349796	-1.1753
TCGA-37-A5EL-01A	19	283868	1175397	-0.4312
TCGA-37-A5EL-01A	19	1186534	29995840	0.2044
TCGA-37-A5EL-01A	19	30002166	58370362	-0.5367
TCGA-37-A5EL-01A	20	472817	18644410	0.0597
TCGA-37-A5EL-01A	20	18645108	35992297	0.1677
TCGA-37-A5EL-01A	20	35993688	63588502	0.5185
TCGA-37-A5EL-01A	21	13974127	46262057	-0.518
TCGA-37-A5EL-01A	22	16934932	34486587	-0.1403
TCGA-37-A5EL-01A	22	34486615	35127609	-0.2724
TCGA-37-A5EL-01A	22	35127809	36452480	-0.1167
TCGA-37-A5EL-01A	22	36460761	37414908	0.012
TCGA-37-A5EL-01A	22	37416005	46581300	-0.1277
TCGA-37-A5EL-01A	22	46581342	46582583	-2.8611
TCGA-37-A5EL-01A	22	46582879	48940621	-0.1519
TCGA-37-A5EL-01A	X	3236359	18762234	0.6399
TCGA-37-A5EL-01A	X	18763587	18763919	-2.1537
TCGA-37-A5EL-01A	X	18764103	39693832	0.6149
TCGA-37-A5EL-01A	X	39694175	41099496	-0.2454
TCGA-37-A5EL-01A	X	41101787	45509915	-0.8905
TCGA-37-A5EL-01A	X	45510534	96890360	-0.1692
TCGA-37-A5EL-01A	X	96891868	97255669	-2.3988
TCGA-37-A5EL-01A	X	97256076	155677414	-0.1828
TCGA-33-AASL-01A	1	3301765	17200159	-0.2452
TCGA-33-AASL-01A	1	17202816	17215953	-1.8561
TCGA-33-AASL-01A	1	17220095	22651390	-0.2373
TCGA-33-AASL-01A	1	22654121	22654193	-1.9876
TCGA-33-AASL-01A	1	22654271	29883341	-0.2476
TCGA-33-AASL-01A	1	29883544	29885804	-1.7295
TCGA-33-AASL-01A	1	29886039	45573836	-0.2474
TCGA-33-AASL-01A	1	45573940	45591642	-1.5708
TCGA-33-AASL-01A	1	45597382	58451771	-0.2385
TCGA-33-AASL-01A	1	58453027	58453170	-2.2999
TCGA-33-AASL-01A	1	58453289	103875557	-0.2468
TCGA-33-AASL-01A	1	103875982	103875997	-1.9334
TCGA-33-AASL-01A	1	103883578	110561066	-0.2453
TCGA-33-AASL-01A	1	110562111	110562435	-1.8284
TCGA-33-AASL-01A	1	110563954	119984772	-0.2467
TCGA-33-AASL-01A	1	146716041	156069660	0.3796
TCGA-33-AASL-01A	1	156071872	180640907	0.0995
TCGA-33-AASL-01A	1	180641864	181051452	-0.2697
TCGA-33-AASL-01A	1	181054469	193389717	0.0875
TCGA-33-AASL-01A	1	193391937	194224389	0.334
TCGA-33-AASL-01A	1	194226859	194238807	0.8461
TCGA-33-AASL-01A	1	194243354	197550428	0.0857
TCGA-33-AASL-01A	1	197553828	197778022	-0.275
TCGA-33-AASL-01A	1	197778936	208776823	0.0921
TCGA-33-AASL-01A	1	208777121	210492484	0.145
TCGA-33-AASL-01A	1	210493192	224391036	0.0963
TCGA-33-AASL-01A	1	224393164	241135005	-0.251
TCGA-33-AASL-01A	1	241136143	242210134	0.1199
TCGA-33-AASL-01A	1	242212263	244463308	-0.2495
TCGA-33-AASL-01A	1	244463841	245371767	0.1115
TCGA-33-AASL-01A	1	245371962	246022678	-0.2627
TCGA-33-AASL-01A	1	246026700	247650984	0.0884
TCGA-33-AASL-01A	2	480597	2958474	0.1038
TCGA-33-AASL-01A	2	2958819	3293235	-0.2917
TCGA-33-AASL-01A	2	3293722	4102986	0.1047
TCGA-33-AASL-01A	2	4106961	5771254	-0.2445
TCGA-33-AASL-01A	2	5771440	31395136	0.1189
TCGA-33-AASL-01A	2	31396096	44335710	0.3797
TCGA-33-AASL-01A	2	44336418	44681303	0.2038
TCGA-33-AASL-01A	2	44682709	45283832	0.4128
TCGA-33-AASL-01A	2	45284561	135089672	0.0888
TCGA-33-AASL-01A	2	135108391	135701995	-0.2683
TCGA-33-AASL-01A	2	135704984	140989724	0.0809
TCGA-33-AASL-01A	2	140990392	141314118	-0.212
TCGA-33-AASL-01A	2	141317165	141368164	0.1708
TCGA-33-AASL-01A	2	141368820	141816849	-0.2485
TCGA-33-AASL-01A	2	141816862	150756639	0.0867
TCGA-33-AASL-01A	2	150757055	150893459	0.3794
TCGA-33-AASL-01A	2	150895815	153950179	0.075
TCGA-33-AASL-01A	2	153955820	153980893	-0.362
TCGA-33-AASL-01A	2	153985945	178162395	0.091
TCGA-33-AASL-01A	2	178166398	215595299	0.0746
TCGA-33-AASL-01A	2	215595445	225293083	0.1009
TCGA-33-AASL-01A	2	225293313	232927399	0.0725
TCGA-33-AASL-01A	2	232931765	239560320	0.107
TCGA-33-AASL-01A	2	239566370	239898766	0.4713
TCGA-33-AASL-01A	2	239903086	241537572	0.0912
TCGA-33-AASL-01A	3	2170634	10128190	-0.0135
TCGA-33-AASL-01A	3	10132058	10132669	-1.7643
TCGA-33-AASL-01A	3	10137432	11134284	0.001
TCGA-33-AASL-01A	3	11147881	11721527	-0.7562
TCGA-33-AASL-01A	3	11723866	14134946	-0.0062
TCGA-33-AASL-01A	3	14135595	21592712	-0.04
TCGA-33-AASL-01A	3	21593107	37954986	-0.0133
TCGA-33-AASL-01A	3	37958552	38040062	-0.9795
TCGA-33-AASL-01A	3	38045632	44135946	-0.0235
TCGA-33-AASL-01A	3	44144907	85022434	-0.2487
TCGA-33-AASL-01A	3	85023433	85766228	0.3652
TCGA-33-AASL-01A	3	85767247	91462299	0.0997
TCGA-33-AASL-01A	3	94015345	94806115	0.5252
TCGA-33-AASL-01A	3	94807220	100353488	0.4607
TCGA-33-AASL-01A	3	100360163	111356213	0.111
TCGA-33-AASL-01A	3	111360976	111722825	0.4488
TCGA-33-AASL-01A	3	111723659	111772925	0.6278
TCGA-33-AASL-01A	3	111773021	116288823	0.4051
TCGA-33-AASL-01A	3	116289506	120033169	0.3712
TCGA-33-AASL-01A	3	120034277	127701467	0.4208
TCGA-33-AASL-01A	3	127701486	127705367	-0.1999
TCGA-33-AASL-01A	3	127706041	141174804	0.4093
TCGA-33-AASL-01A	3	141178709	153788261	0.633
TCGA-33-AASL-01A	3	153789637	165600664	0.599
TCGA-33-AASL-01A	3	165603025	174974245	0.6579
TCGA-33-AASL-01A	3	174978814	176041258	0.398
TCGA-33-AASL-01A	3	176041982	179145078	0.6322
TCGA-33-AASL-01A	3	179146357	179234432	0.5331
TCGA-33-AASL-01A	3	179234447	179471570	0.689
TCGA-33-AASL-01A	3	179471755	181380724	0.6166
TCGA-33-AASL-01A	3	181380929	182840227	0.6743
TCGA-33-AASL-01A	3	182843921	183086597	0.4535
TCGA-33-AASL-01A	3	183086647	197812401	0.6666
TCGA-33-AASL-01A	4	1059384	37551052	-0.2456
TCGA-33-AASL-01A	4	37551295	37551306	-1.7724
TCGA-33-AASL-01A	4	37553657	38137040	-0.2638
TCGA-33-AASL-01A	4	38137235	38137716	-1.738
TCGA-33-AASL-01A	4	38143752	51834605	-0.2558
TCGA-33-AASL-01A	4	51837099	64543622	0.0664
TCGA-33-AASL-01A	4	64624630	65007962	0.195
TCGA-33-AASL-01A	4	65008629	67193004	0.0696
TCGA-33-AASL-01A	4	67202637	135163594	-0.1973
TCGA-33-AASL-01A	4	135163811	164130052	-0.2444
TCGA-33-AASL-01A	4	164131071	164300465	-0.6561
TCGA-33-AASL-01A	4	164300950	186318828	-0.232
TCGA-33-AASL-01A	4	186322597	187842528	-0.2085
TCGA-33-AASL-01A	5	914118	10157030	0.1291
TCGA-33-AASL-01A	5	10157147	14656273	0.1025
TCGA-33-AASL-01A	5	14660790	14707130	-0.2437
TCGA-33-AASL-01A	5	14707491	59022038	0.0945
TCGA-33-AASL-01A	5	59022225	59082963	-0.2628
TCGA-33-AASL-01A	5	59088295	84164615	0.0994
TCGA-33-AASL-01A	5	84165611	84478604	-0.2516
TCGA-33-AASL-01A	5	84481961	93617531	0.0929
TCGA-33-AASL-01A	5	93626624	93861694	-0.2672
TCGA-33-AASL-01A	5	93862196	96646181	0.0898
TCGA-33-AASL-01A	5	96649106	96680865	-0.2825
TCGA-33-AASL-01A	5	96680912	118460497	0.0917
TCGA-33-AASL-01A	5	118462787	118508410	-0.2881
TCGA-33-AASL-01A	5	118508700	128911183	0.0902
TCGA-33-AASL-01A	5	128911711	128919004	-1.0483
TCGA-33-AASL-01A	5	128919363	129531289	0.0899
TCGA-33-AASL-01A	5	129532192	129841760	-0.242
TCGA-33-AASL-01A	5	129850093	143690107	0.1013
TCGA-33-AASL-01A	5	143691817	149976315	0.4053
TCGA-33-AASL-01A	5	149976512	158085807	0.3635
TCGA-33-AASL-01A	5	158086396	159860771	0.4067
TCGA-33-AASL-01A	5	159861170	162383721	0.3613
TCGA-33-AASL-01A	5	162389997	162392222	-0.6871
TCGA-33-AASL-01A	5	162393427	166251121	0.3479
TCGA-33-AASL-01A	5	166251210	180934240	0.4051
TCGA-33-AASL-01A	6	1011760	10963161	-0.1907
TCGA-33-AASL-01A	6	10968299	16945824	-0.2237
TCGA-33-AASL-01A	6	16946114	23489953	-0.1921
TCGA-33-AASL-01A	6	23491966	23580366	0.1083
TCGA-33-AASL-01A	6	23580474	42829539	0.0173
TCGA-33-AASL-01A	6	42831577	52926962	0.1432
TCGA-33-AASL-01A	6	52928056	52928995	-1.1055
TCGA-33-AASL-01A	6	52929066	76554566	0.1422
TCGA-33-AASL-01A	6	76554582	90891973	0.1115
TCGA-33-AASL-01A	6	90892279	90908496	1.3272
TCGA-33-AASL-01A	6	90909000	90911802	1.701
TCGA-33-AASL-01A	6	90912532	90987893	1.0627
TCGA-33-AASL-01A	6	90988142	91229013	0.8479
TCGA-33-AASL-01A	6	91229598	91556481	0.5803
TCGA-33-AASL-01A	6	91559289	92397374	0.7832
TCGA-33-AASL-01A	6	92399882	93041760	1.2802
TCGA-33-AASL-01A	6	93042024	96466162	0.3944
TCGA-33-AASL-01A	6	96467951	117299200	-0.2503
TCGA-33-AASL-01A	6	117303605	117303997	-1.63
TCGA-33-AASL-01A	6	117308738	170596889	-0.2495
TCGA-33-AASL-01A	7	664936	34855738	-0.2479
TCGA-33-AASL-01A	7	34859961	34861976	-4.3624
TCGA-33-AASL-01A	7	34864152	54247849	-0.2479
TCGA-33-AASL-01A	7	54248178	54299021	0.1463
TCGA-33-AASL-01A	7	54327513	69845622	0.378
TCGA-33-AASL-01A	7	69845690	70174279	0.1017
TCGA-33-AASL-01A	7	70179583	70187938	0.7864
TCGA-33-AASL-01A	7	70194910	70675181	0.3796
TCGA-33-AASL-01A	7	70676553	70742865	0.1606
TCGA-33-AASL-01A	7	70744009	70810738	-0.114
TCGA-33-AASL-01A	7	70813010	103533815	0.3806
TCGA-33-AASL-01A	7	103535385	103602229	0.1033
TCGA-33-AASL-01A	7	103604347	122321042	0.3703
TCGA-33-AASL-01A	7	122321470	122475631	0.0972
TCGA-33-AASL-01A	7	122478496	150206968	0.3873
TCGA-33-AASL-01A	7	150208958	150351457	0.0733
TCGA-33-AASL-01A	7	150352302	155357673	0.4004
TCGA-33-AASL-01A	7	155358803	155369094	-0.6232
TCGA-33-AASL-01A	7	155369522	156455865	0.4181
TCGA-33-AASL-01A	7	156457075	156555998	0.1206
TCGA-33-AASL-01A	7	156560162	158592540	0.4248
TCGA-33-AASL-01A	8	667625	31177159	-0.2433
TCGA-33-AASL-01A	8	31182373	31262813	1.1935
TCGA-33-AASL-01A	8	31264253	31512227	0.3486
TCGA-33-AASL-01A	8	31514333	31531732	-0.0878
TCGA-33-AASL-01A	8	31531988	32473107	0.3938
TCGA-33-AASL-01A	8	32473626	35374424	-0.2513
TCGA-33-AASL-01A	8	35399927	35543861	0.3566
TCGA-33-AASL-01A	8	35546251	83361972	0.1089
TCGA-33-AASL-01A	8	83362536	83364354	-1.2642
TCGA-33-AASL-01A	8	83365970	103259647	0.0863
TCGA-33-AASL-01A	8	103262534	103356445	-0.256
TCGA-33-AASL-01A	8	103357257	104483757	0.1149
TCGA-33-AASL-01A	8	104486907	104656870	0.3387
TCGA-33-AASL-01A	8	104658280	113623470	0.265
TCGA-33-AASL-01A	8	113624527	135728234	0.3174
TCGA-33-AASL-01A	8	135728840	135731301	-1.7917
TCGA-33-AASL-01A	8	135732968	144182542	0.3262
TCGA-33-AASL-01A	9	789794	4121848	-0.2382
TCGA-33-AASL-01A	9	4122302	4204021	-0.817
TCGA-33-AASL-01A	9	4280840	14100317	-0.2407
TCGA-33-AASL-01A	9	14102613	14321080	-0.5165
TCGA-33-AASL-01A	9	14322269	21784823	-0.2441
TCGA-33-AASL-01A	9	21785019	22161495	-0.7494
TCGA-33-AASL-01A	9	22161829	38747067	-0.2437
TCGA-33-AASL-01A	9	38747691	69512794	0.0833
TCGA-33-AASL-01A	9	69512984	69541194	-0.2605
TCGA-33-AASL-01A	9	69542271	138044505	0.0949
TCGA-33-AASL-01A	10	366509	9384832	0.1206
TCGA-33-AASL-01A	10	9385258	20381645	0.0954
TCGA-33-AASL-01A	10	20384777	30363994	0.1262
TCGA-33-AASL-01A	10	30364445	33176109	0.068
TCGA-33-AASL-01A	10	33177115	34612695	0.1238
TCGA-33-AASL-01A	10	34613405	36359622	0.0264
TCGA-33-AASL-01A	10	36359638	37686157	0.0954
TCGA-33-AASL-01A	10	37686577	42987167	0.0418
TCGA-33-AASL-01A	10	42988431	60468569	0.1097
TCGA-33-AASL-01A	10	60468741	60520802	0.3794
TCGA-33-AASL-01A	10	60521476	77171364	0.1072
TCGA-33-AASL-01A	10	77171715	77496888	-0.2287
TCGA-33-AASL-01A	10	77498204	87420466	0.123
TCGA-33-AASL-01A	10	87420480	87672584	-0.2474
TCGA-33-AASL-01A	10	87673185	87870165	-0.7089
TCGA-33-AASL-01A	10	87871755	87960361	-0.4467
TCGA-33-AASL-01A	10	87960376	93020945	-0.2442
TCGA-33-AASL-01A	10	93021532	93048472	-0.8959
TCGA-33-AASL-01A	10	93051062	102577301	-0.241
TCGA-33-AASL-01A	10	102581678	103001704	-0.733
TCGA-33-AASL-01A	10	103002962	112119057	-0.2374
TCGA-33-AASL-01A	10	112120229	112121192	-1.6352
TCGA-33-AASL-01A	10	112123569	117443100	-0.2307
TCGA-33-AASL-01A	10	117443177	117443225	-1.723
TCGA-33-AASL-01A	10	117443251	126899719	-0.227
TCGA-33-AASL-01A	10	126902568	126903452	-1.7472
TCGA-33-AASL-01A	10	126909017	127744000	-0.2199
TCGA-33-AASL-01A	10	127745020	133411599	0.1478
TCGA-33-AASL-01A	11	456012	73175820	0.1052
TCGA-33-AASL-01A	11	73181326	79008867	-0.2678
TCGA-33-AASL-01A	11	79009605	79012458	-1.5514
TCGA-33-AASL-01A	11	79012499	116796745	-0.244
TCGA-33-AASL-01A	11	116797795	116799466	-2.2681
TCGA-33-AASL-01A	11	116799960	134272740	-0.2363
TCGA-33-AASL-01A	12	780472	14361479	0.1189
TCGA-33-AASL-01A	12	14366661	14530882	-0.2684
TCGA-33-AASL-01A	12	14531436	23521501	0.1119
TCGA-33-AASL-01A	12	23521638	24397373	-0.235
TCGA-33-AASL-01A	12	24398771	25284213	0.1229
TCGA-33-AASL-01A	12	25285044	25385141	-0.2544
TCGA-33-AASL-01A	12	25393688	30612018	0.1219
TCGA-33-AASL-01A	12	30612199	30694284	-0.2513
TCGA-33-AASL-01A	12	30699093	79412104	0.1027
TCGA-33-AASL-01A	12	79413499	79726333	-0.2488
TCGA-33-AASL-01A	12	79743014	98578542	0.1037
TCGA-33-AASL-01A	12	98581186	99008224	-0.2196
TCGA-33-AASL-01A	12	99008489	117791244	0.1102
TCGA-33-AASL-01A	12	117795309	132605822	-0.2492
TCGA-33-AASL-01A	13	18874255	21122562	0.0974
TCGA-33-AASL-01A	13	21122616	21123981	1.3616
TCGA-33-AASL-01A	13	21126714	33624538	0.0905
TCGA-33-AASL-01A	13	33627031	33676689	-0.2821
TCGA-33-AASL-01A	13	33676915	65018431	0.0892
TCGA-33-AASL-01A	13	65020448	71758618	-0.249
TCGA-33-AASL-01A	13	71760351	71817244	-0.7606
TCGA-33-AASL-01A	13	71817440	108972952	-0.2534
TCGA-33-AASL-01A	13	108973515	109143859	-0.7128
TCGA-33-AASL-01A	13	109144370	114226675	-0.2481
TCGA-33-AASL-01A	14	20033191	49780403	-0.2339
TCGA-33-AASL-01A	14	49790641	77828329	0.1118
TCGA-33-AASL-01A	14	77829901	77830125	-1.2391
TCGA-33-AASL-01A	14	77832389	105533894	0.1192
TCGA-33-AASL-01A	15	23437561	44701871	-0.2265
TCGA-33-AASL-01A	15	44709589	44775535	-0.9147
TCGA-33-AASL-01A	15	44775790	54518628	-0.2241
TCGA-33-AASL-01A	15	54521799	54521815	-1.8726
TCGA-33-AASL-01A	15	54522666	54642472	-0.2868
TCGA-33-AASL-01A	15	54646200	101344124	0.1213
TCGA-33-AASL-01A	16	603333	6375599	-0.233
TCGA-33-AASL-01A	16	6375751	6577458	-0.7239
TCGA-33-AASL-01A	16	6582487	88334407	-0.2294
TCGA-33-AASL-01A	16	88334893	88343034	-1.6476
TCGA-33-AASL-01A	16	88349534	89317317	-0.2595
TCGA-33-AASL-01A	17	1074619	21399695	-0.2308
TCGA-33-AASL-01A	17	21774057	82959812	0.1237
TCGA-33-AASL-01A	18	326691	3905688	0.1417
TCGA-33-AASL-01A	18	3907533	4453498	-0.2021
TCGA-33-AASL-01A	18	4453640	25537398	0.131
TCGA-33-AASL-01A	18	25545588	26450001	-0.2178
TCGA-33-AASL-01A	18	26452954	26559666	0.1429
TCGA-33-AASL-01A	18	26559729	28889341	-0.2392
TCGA-33-AASL-01A	18	28891202	29508867	0.1411
TCGA-33-AASL-01A	18	29510284	79349796	-0.2351
TCGA-33-AASL-01A	19	283868	2591774	-0.2614
TCGA-33-AASL-01A	19	2592252	2648184	-1.6493
TCGA-33-AASL-01A	19	2652288	5893602	-0.248
TCGA-33-AASL-01A	19	5914614	5921341	-1.9065
TCGA-33-AASL-01A	19	5923889	7744745	-0.2706
TCGA-33-AASL-01A	19	7747650	41235590	0.1014
TCGA-33-AASL-01A	19	41236369	41282660	-0.3583
TCGA-33-AASL-01A	19	41288651	58370362	0.1069
TCGA-33-AASL-01A	20	472817	5059406	0.0294
TCGA-33-AASL-01A	20	5061369	5150851	-0.2767
TCGA-33-AASL-01A	20	5153144	21049945	0.0412
TCGA-33-AASL-01A	20	21052150	42984586	0.1058
TCGA-33-AASL-01A	20	42984796	43150317	-0.0738
TCGA-33-AASL-01A	20	43153672	44647479	0.1
TCGA-33-AASL-01A	20	44648047	44649413	-1.3002
TCGA-33-AASL-01A	20	44649722	49942850	0.0984
TCGA-33-AASL-01A	20	49944031	50686039	0.0259
TCGA-33-AASL-01A	20	50687161	56489602	0.107
TCGA-33-AASL-01A	20	56491577	56492115	-0.8186
TCGA-33-AASL-01A	20	56495687	62732370	0.1001
TCGA-33-AASL-01A	20	62741749	62741794	-1.4132
TCGA-33-AASL-01A	20	62744224	63510749	0.1132
TCGA-33-AASL-01A	20	63511132	63588502	-0.0204
TCGA-33-AASL-01A	21	13974127	46262057	-0.2339
TCGA-33-AASL-01A	22	16934932	36415774	-0.2284
TCGA-33-AASL-01A	22	36422728	42963442	0.1074
TCGA-33-AASL-01A	22	42964972	48940621	0.1489
TCGA-33-AASL-01A	X	3236359	12873841	0.0186
TCGA-33-AASL-01A	X	12874529	12879600	-0.4604
TCGA-33-AASL-01A	X	12882796	16569626	0.0068
TCGA-33-AASL-01A	X	16571637	16755530	-0.2943
TCGA-33-AASL-01A	X	16789604	31991213	0.006
TCGA-33-AASL-01A	X	31991359	32916462	-0.0715
TCGA-33-AASL-01A	X	32916751	36047208	0.0024
TCGA-33-AASL-01A	X	36049055	36255796	-0.2116
TCGA-33-AASL-01A	X	36255994	42052522	6e-04
TCGA-33-AASL-01A	X	42058914	42405671	-0.3115
TCGA-33-AASL-01A	X	42407791	55857471	0.0014
TCGA-33-AASL-01A	X	55861240	56797721	-0.3302
TCGA-33-AASL-01A	X	56804364	64497450	-0.01
TCGA-33-AASL-01A	X	64505987	64510665	1.2326
TCGA-33-AASL-01A	X	64514978	114154185	-0.0057
TCGA-33-AASL-01A	X	114157702	155677414	0.0172
TCGA-85-8479-01A	1	3301765	3318992	0.2719
TCGA-85-8479-01A	1	3319477	3627721	0.1455
TCGA-85-8479-01A	1	3627771	21967332	0.0654
TCGA-85-8479-01A	1	21969814	21971792	-1.7363
TCGA-85-8479-01A	1	22108654	39715831	0.0629
TCGA-85-8479-01A	1	39717357	39843320	0.4748
TCGA-85-8479-01A	1	39846274	47754782	0.072
TCGA-85-8479-01A	1	47755033	53968937	0.0909
TCGA-85-8479-01A	1	53995988	54389311	0.2196
TCGA-85-8479-01A	1	54389385	149952216	0.0993
TCGA-85-8479-01A	1	149958935	151825640	0.4116
TCGA-85-8479-01A	1	151826291	156055305	0.4586
TCGA-85-8479-01A	1	156056741	156493986	0.7007
TCGA-85-8479-01A	1	156494347	173721852	0.4889
TCGA-85-8479-01A	1	173723308	174246021	0.3758
TCGA-85-8479-01A	1	174251404	174283269	-0.3668
TCGA-85-8479-01A	1	174283860	191628638	0.3906
TCGA-85-8479-01A	1	191630295	191695184	-0.0697
TCGA-85-8479-01A	1	191700054	201304328	0.3876
TCGA-85-8479-01A	1	201306570	207887119	0.3605
TCGA-85-8479-01A	1	207888185	247650984	0.3886
TCGA-85-8479-01A	2	480597	82674856	0.1632
TCGA-85-8479-01A	2	82676941	82897636	-0.3768
TCGA-85-8479-01A	2	82902052	206086818	0.1367
TCGA-85-8479-01A	2	206087228	206343839	0.5373
TCGA-85-8479-01A	2	206344889	219713166	0.1354
TCGA-85-8479-01A	2	219714550	219714662	-1.2063
TCGA-85-8479-01A	2	219714677	225548698	0.1354
TCGA-85-8479-01A	2	225548767	241072273	-0.4322
TCGA-85-8479-01A	2	241074641	241074746	-2.2493
TCGA-85-8479-01A	2	241077474	241537572	-0.4605
TCGA-85-8479-01A	3	2170634	14327844	0.1694
TCGA-85-8479-01A	3	14329525	83548469	-0.3946
TCGA-85-8479-01A	3	83548576	85439590	-0.5957
TCGA-85-8479-01A	3	85441637	94017382	-0.3966
TCGA-85-8479-01A	3	94018736	101525053	0.1781
TCGA-85-8479-01A	3	101539806	101777033	0.5404
TCGA-85-8479-01A	3	101777811	114783126	0.1828
TCGA-85-8479-01A	3	114785871	114789194	-1.309
TCGA-85-8479-01A	3	114790577	139444086	0.1714
TCGA-85-8479-01A	3	139444698	147124470	0.567
TCGA-85-8479-01A	3	147128995	147437811	0.1875
TCGA-85-8479-01A	3	147750170	174259336	0.8612
TCGA-85-8479-01A	3	174266156	179158823	1.0919
TCGA-85-8479-01A	3	179158837	179774608	1.0012
TCGA-85-8479-01A	3	179776954	182790993	1.0977
TCGA-85-8479-01A	3	182796848	185426383	0.8216
TCGA-85-8479-01A	3	185434325	187137803	0.5026
TCGA-85-8479-01A	3	187138033	187676833	0.5839
TCGA-85-8479-01A	3	187677003	188408659	0.5234
TCGA-85-8479-01A	3	188410698	193068579	0.1596
TCGA-85-8479-01A	3	193093616	193847535	0.5464
TCGA-85-8479-01A	3	193850319	194310858	0.8048
TCGA-85-8479-01A	3	194316746	194404793	1.047
TCGA-85-8479-01A	3	194410662	197812401	0.7886
TCGA-85-8479-01A	4	1059384	27096074	0.1453
TCGA-85-8479-01A	4	27099621	43987398	0.1706
TCGA-85-8479-01A	4	43990415	44007910	-0.4309
TCGA-85-8479-01A	4	44010650	48067890	0.1748
TCGA-85-8479-01A	4	51832470	187842528	-0.3818
TCGA-85-8479-01A	5	913983	32637428	0.5322
TCGA-85-8479-01A	5	32638605	32723092	0.8271
TCGA-85-8479-01A	5	32725425	36787776	0.5371
TCGA-85-8479-01A	5	36787993	36792526	-0.8457
TCGA-85-8479-01A	5	36792713	37043830	0.539
TCGA-85-8479-01A	5	37049905	45383300	0.1464
TCGA-85-8479-01A	5	50828231	56428939	-0.3883
TCGA-85-8479-01A	5	56429520	56429561	-2.0331
TCGA-85-8479-01A	5	56429784	59172842	-0.3777
TCGA-85-8479-01A	5	59173222	59582457	-1.3637
TCGA-85-8479-01A	5	59582601	81015372	-0.3819
TCGA-85-8479-01A	5	81015700	81057336	-1.4736
TCGA-85-8479-01A	5	81058169	81117691	-0.356
TCGA-85-8479-01A	5	81120878	81132453	-1.2992
TCGA-85-8479-01A	5	81140765	112485952	-0.3708
TCGA-85-8479-01A	5	112487847	112495852	-1.3518
TCGA-85-8479-01A	5	112502820	139657858	-0.3761
TCGA-85-8479-01A	5	139663781	142052704	0.1696
TCGA-85-8479-01A	5	142053220	169737329	0.1917
TCGA-85-8479-01A	5	169737379	178535366	0.1643
TCGA-85-8479-01A	5	178537443	178537788	1.5062
TCGA-85-8479-01A	5	178539140	180934240	0.1603
TCGA-85-8479-01A	6	1011760	44977980	0.1564
TCGA-85-8479-01A	6	44984472	73344723	0.1873
TCGA-85-8479-01A	6	73345852	136579449	-0.3656
TCGA-85-8479-01A	6	136583058	136864792	-1.4365
TCGA-85-8479-01A	6	136876524	137188483	-0.3717
TCGA-85-8479-01A	6	137189841	137574520	-1.4198
TCGA-85-8479-01A	6	137574594	137958886	-0.3512
TCGA-85-8479-01A	6	137963561	138049306	-1.4034
TCGA-85-8479-01A	6	138059191	166385534	-0.3749
TCGA-85-8479-01A	6	166387533	168689626	-0.4539
TCGA-85-8479-01A	6	168693876	170596889	-0.3917
TCGA-85-8479-01A	7	664936	10490817	0.508
TCGA-85-8479-01A	7	10493284	158592540	0.1274
TCGA-85-8479-01A	8	667625	46658981	0.1312
TCGA-85-8479-01A	8	46662334	138752554	0.1877
TCGA-85-8479-01A	8	138752589	138886817	-0.014
TCGA-85-8479-01A	8	138888475	140225843	0.1882
TCGA-85-8479-01A	8	140226277	140240222	0.0425
TCGA-85-8479-01A	8	140242294	140436803	-0.4182
TCGA-85-8479-01A	8	140437435	144182542	0.1553
TCGA-85-8479-01A	9	789794	21121918	-0.3936
TCGA-85-8479-01A	9	21122463	21122646	-2.387
TCGA-85-8479-01A	9	21125405	69462094	-0.3946
TCGA-85-8479-01A	9	69466073	72477917	0.1644
TCGA-85-8479-01A	9	72481591	72493867	-0.3244
TCGA-85-8479-01A	9	72494322	72567923	-1.299
TCGA-85-8479-01A	9	72573530	79240053	0.1698
TCGA-85-8479-01A	9	79240988	79241192	-1.3112
TCGA-85-8479-01A	9	79243103	127198873	0.1603
TCGA-85-8479-01A	9	127199735	133021596	0.123
TCGA-85-8479-01A	9	133025312	133028648	-1.7402
TCGA-85-8479-01A	9	133029179	138044505	0.1286
TCGA-85-8479-01A	10	366509	33677193	-0.4051
TCGA-85-8479-01A	10	33687036	34755800	-0.2495
TCGA-85-8479-01A	10	34756938	38366550	-0.3857
TCGA-85-8479-01A	10	38367959	98736244	-0.2142
TCGA-85-8479-01A	10	98739578	98777369	-0.9126
TCGA-85-8479-01A	10	98779197	112969669	-0.212
TCGA-85-8479-01A	10	112971038	133411599	-0.4016
TCGA-85-8479-01A	11	456012	56246322	-0.3725
TCGA-85-8479-01A	11	56247303	58266216	0.1927
TCGA-85-8479-01A	11	58272821	58288435	-0.2975
TCGA-85-8479-01A	11	58288552	58351976	0.1348
TCGA-85-8479-01A	11	58352539	62316112	-0.2159
TCGA-85-8479-01A	11	62316436	74648021	-0.3806
TCGA-85-8479-01A	11	74653516	74653521	-4.2876
TCGA-85-8479-01A	11	74653685	104103360	-0.3479
TCGA-85-8479-01A	11	104104448	104104449	-2.9419
TCGA-85-8479-01A	11	104106219	116812778	-0.3519
TCGA-85-8479-01A	11	116813312	116814051	-2.1772
TCGA-85-8479-01A	11	116819862	132359176	-0.3685
TCGA-85-8479-01A	11	132359211	134270258	0.1806
TCGA-85-8479-01A	11	134272636	134272740	-0.3552
TCGA-85-8479-01A	12	780472	66243705	0.1812
TCGA-85-8479-01A	12	66246111	67688281	2.6779
TCGA-85-8479-01A	12	67689009	68432609	2.313
TCGA-85-8479-01A	12	68435452	69645873	1.8895
TCGA-85-8479-01A	12	69646835	69953244	1.3616
TCGA-85-8479-01A	12	69954180	69960969	0.9883
TCGA-85-8479-01A	12	69963355	71297375	0.5885
TCGA-85-8479-01A	12	71297829	71692551	1.1207
TCGA-85-8479-01A	12	71694449	104270014	-0.3308
TCGA-85-8479-01A	12	104274766	104292348	-1.3887
TCGA-85-8479-01A	12	104296342	120721669	-0.3309
TCGA-85-8479-01A	12	120721826	120739948	0.3224
TCGA-85-8479-01A	12	120742549	120788498	-1.4886
TCGA-85-8479-01A	12	120790607	120861605	0.288
TCGA-85-8479-01A	12	120862886	132605822	-0.3309
TCGA-85-8479-01A	13	18874255	48324035	-0.3747
TCGA-85-8479-01A	13	48324170	48461557	-1.1145
TCGA-85-8479-01A	13	48474296	52863288	-0.3754
TCGA-85-8479-01A	13	52864999	60204485	0.1964
TCGA-85-8479-01A	13	60207973	60209162	-1.0809
TCGA-85-8479-01A	13	60209504	60955710	0.1778
TCGA-85-8479-01A	13	60959550	60959907	-1.0727
TCGA-85-8479-01A	13	60959934	88122770	0.2013
TCGA-85-8479-01A	13	88123971	114226675	0.5499
TCGA-85-8479-01A	14	20033191	24570915	0.1411
TCGA-85-8479-01A	14	24571240	52658089	0.1619
TCGA-85-8479-01A	14	52658332	105533894	0.1312
TCGA-85-8479-01A	15	23437561	27020891	0.0583
TCGA-85-8479-01A	15	27022070	70200229	0.0422
TCGA-85-8479-01A	15	70200302	101344124	0.0682
TCGA-85-8479-01A	16	603333	10375679	-0.4085
TCGA-85-8479-01A	16	10376377	31832698	0.4551
TCGA-85-8479-01A	16	31833730	31841585	0.2832
TCGA-85-8479-01A	16	46470502	46516500	-0.3808
TCGA-85-8479-01A	16	46581419	49463762	0.1382
TCGA-85-8479-01A	16	49471533	49476165	-0.9729
TCGA-85-8479-01A	16	49481383	86069939	0.13
TCGA-85-8479-01A	16	86070281	86070536	-1.6187
TCGA-85-8479-01A	16	86070558	89317317	0.1087
TCGA-85-8479-01A	17	1074619	39984674	-0.393
TCGA-85-8479-01A	17	39990676	40082705	0.1351
TCGA-85-8479-01A	17	40086376	57529910	-0.3799
TCGA-85-8479-01A	17	57530230	57530308	-2.5227
TCGA-85-8479-01A	17	57530311	82959812	-0.3946
TCGA-85-8479-01A	18	326691	36172927	0.1673
TCGA-85-8479-01A	18	36175804	36258762	0.6173
TCGA-85-8479-01A	18	36263487	47615791	0.1801
TCGA-85-8479-01A	18	47625548	73707440	-0.3901
TCGA-85-8479-01A	18	73707470	79349796	-0.4264
TCGA-85-8479-01A	19	283868	6885312	-0.4145
TCGA-85-8479-01A	19	7112112	27749586	0.4796
TCGA-85-8479-01A	19	27749601	58370362	0.1268
TCGA-85-8479-01A	20	472817	21700719	0.156
TCGA-85-8479-01A	20	21720007	26217263	-0.4049
TCGA-85-8479-01A	20	26217295	31607998	0.1678
TCGA-85-8479-01A	20	31615226	37590226	0.1173
TCGA-85-8479-01A	20	37596132	63588502	0.1593
TCGA-85-8479-01A	21	13974127	24213071	0.1782
TCGA-85-8479-01A	21	24215936	24216026	-0.9987
TCGA-85-8479-01A	21	24216643	38899906	0.1649
TCGA-85-8479-01A	21	38908216	46262057	-0.4245
TCGA-85-8479-01A	22	16934932	48925968	0.1263
TCGA-85-8479-01A	22	48926733	48940621	-0.4924
TCGA-85-8479-01A	X	3236359	8225606	0.4154
TCGA-85-8479-01A	X	8230733	8460865	1.2091
TCGA-85-8479-01A	X	8462980	9918154	0.4283
TCGA-85-8479-01A	X	9920139	9920202	3.4956
TCGA-85-8479-01A	X	9920343	43344199	0.4237
TCGA-85-8479-01A	X	43347912	43386949	-2.1703
TCGA-85-8479-01A	X	43388330	53981456	0.386
TCGA-85-8479-01A	X	53982565	155677414	-0.2305
TCGA-60-2713-01A	1	3301765	30525302	-0.4268
TCGA-60-2713-01A	1	30525732	36204302	0.1392
TCGA-60-2713-01A	1	36212053	36431576	0.5443
TCGA-60-2713-01A	1	36433555	36592098	2.1053
TCGA-60-2713-01A	1	36592702	36914662	1.8726
TCGA-60-2713-01A	1	36914785	37472740	1.739
TCGA-60-2713-01A	1	37476352	38965373	1.89
TCGA-60-2713-01A	1	38965465	40078733	2.2137
TCGA-60-2713-01A	1	40080953	40186963	2.6985
TCGA-60-2713-01A	1	40191777	40425708	1.8433
TCGA-60-2713-01A	1	40430146	50251534	0.5009
TCGA-60-2713-01A	1	50252182	50520565	0.1368
TCGA-60-2713-01A	1	50523944	59893310	0.5331
TCGA-60-2713-01A	1	59893484	62714135	0.8561
TCGA-60-2713-01A	1	62715069	62745229	0.6776
TCGA-60-2713-01A	1	62747008	63003832	0.1383
TCGA-60-2713-01A	1	63005821	63006432	-1.4005
TCGA-60-2713-01A	1	63007197	74662823	0.1499
TCGA-60-2713-01A	1	74663525	80345620	0.1208
TCGA-60-2713-01A	1	80345668	85649327	0.1613
TCGA-60-2713-01A	1	85652764	85878866	-0.3961
TCGA-60-2713-01A	1	85885070	101237653	0.1513
TCGA-60-2713-01A	1	101242219	115012691	0.1259
TCGA-60-2713-01A	1	115021450	149913375	0.1519
TCGA-60-2713-01A	1	149914031	173394421	0.0965
TCGA-60-2713-01A	1	173399315	173399532	-1.2363
TCGA-60-2713-01A	1	173401264	174928058	0.0962
TCGA-60-2713-01A	1	174928970	174929387	-0.8581
TCGA-60-2713-01A	1	174932989	175337348	0.1083
TCGA-60-2713-01A	1	175343848	175387973	0.764
TCGA-60-2713-01A	1	175389642	175461672	0.1174
TCGA-60-2713-01A	1	175793886	175881951	-0.2613
TCGA-60-2713-01A	1	175884509	183440660	0.1043
TCGA-60-2713-01A	1	183441033	186985385	0.1267
TCGA-60-2713-01A	1	186990013	244866815	-0.2411
TCGA-60-2713-01A	1	244868505	245390008	-1.2697
TCGA-60-2713-01A	1	245391406	247650984	-0.2555
TCGA-60-2713-01A	2	480597	3654099	-0.4231
TCGA-60-2713-01A	2	3654382	3655143	-1.9409
TCGA-60-2713-01A	2	3655451	4594951	-0.3868
TCGA-60-2713-01A	2	4597362	7725815	0.1304
TCGA-60-2713-01A	2	7726108	47157462	0.1782
TCGA-60-2713-01A	2	47157872	47482177	0.1117
TCGA-60-2713-01A	2	47485641	47567821	-0.4432
TCGA-60-2713-01A	2	47567996	49408857	0.1511
TCGA-60-2713-01A	2	49409207	61391525	0.1817
TCGA-60-2713-01A	2	61392057	63898207	0.1313
TCGA-60-2713-01A	2	63902210	69350156	0.1853
TCGA-60-2713-01A	2	69354290	105573498	0.1567
TCGA-60-2713-01A	2	105575235	110643085	0.5268
TCGA-60-2713-01A	2	110649733	127534924	0.161
TCGA-60-2713-01A	2	127537756	128389821	0.5182
TCGA-60-2713-01A	2	128391796	128912082	0.1744
TCGA-60-2713-01A	2	128913670	175334837	-0.3538
TCGA-60-2713-01A	2	175335261	175345944	-1.5317
TCGA-60-2713-01A	2	175347662	194138261	-0.3453
TCGA-60-2713-01A	2	194141183	194229738	-2.3087
TCGA-60-2713-01A	2	194230617	196452637	-0.3428
TCGA-60-2713-01A	2	196452828	196453381	-1.8482
TCGA-60-2713-01A	2	196453819	206494287	-0.3476
TCGA-60-2713-01A	2	206494869	226234818	-0.3212
TCGA-60-2713-01A	2	226235138	241537572	-0.3522
TCGA-60-2713-01A	3	2170634	10603458	0.1321
TCGA-60-2713-01A	3	10604833	71301795	-0.4166
TCGA-60-2713-01A	3	71305276	71563065	-1.3783
TCGA-60-2713-01A	3	71569052	89968286	-0.4216
TCGA-60-2713-01A	3	89971527	100607341	0.9463
TCGA-60-2713-01A	3	100729339	104912622	1.0863
TCGA-60-2713-01A	3	104912638	104913016	0.1421
TCGA-60-2713-01A	3	104914137	104957762	0.958
TCGA-60-2713-01A	3	104958295	116100025	1.1096
TCGA-60-2713-01A	3	116100529	120554011	1.0686
TCGA-60-2713-01A	3	120555821	120785910	0.9774
TCGA-60-2713-01A	3	120787890	136075960	0.6808
TCGA-60-2713-01A	3	136083436	139978973	0.4524
TCGA-60-2713-01A	3	139979405	140499674	0.1628
TCGA-60-2713-01A	3	140502118	140620697	0.5178
TCGA-60-2713-01A	3	140622269	145949709	0.5619
TCGA-60-2713-01A	3	145950071	159180413	0.7715
TCGA-60-2713-01A	3	159182304	164712856	0.4225
TCGA-60-2713-01A	3	164712953	181698497	0.6671
TCGA-60-2713-01A	3	181705432	181884445	2.0806
TCGA-60-2713-01A	3	181888092	182636031	2.2555
TCGA-60-2713-01A	3	182636140	182800716	2.0419
TCGA-60-2713-01A	3	182801640	182855818	2.3341
TCGA-60-2713-01A	3	182856136	182918821	2.6109
TCGA-60-2713-01A	3	182919334	183142801	2.2076
TCGA-60-2713-01A	3	183143565	184189244	1.9959
TCGA-60-2713-01A	3	184190091	184212850	1.3738
TCGA-60-2713-01A	3	184217470	187718379	0.6384
TCGA-60-2713-01A	3	187718396	197812401	0.923
TCGA-60-2713-01A	4	1059384	43964318	-0.4323
TCGA-60-2713-01A	4	43967583	47983148	0.1265
TCGA-60-2713-01A	4	47988792	56226480	0.0678
TCGA-60-2713-01A	4	56231913	105371118	-0.3637
TCGA-60-2713-01A	4	105374690	105376032	-2.074
TCGA-60-2713-01A	4	105376072	131453734	-0.3573
TCGA-60-2713-01A	4	131454392	132909080	0.0966
TCGA-60-2713-01A	4	132909221	135018424	0.2458
TCGA-60-2713-01A	4	135020145	137494701	0.4106
TCGA-60-2713-01A	4	137505792	163529308	-0.3592
TCGA-60-2713-01A	4	163529413	164211743	-0.4756
TCGA-60-2713-01A	4	164211746	187842528	-0.3746
TCGA-60-2713-01A	5	913983	45383300	0.4753
TCGA-60-2713-01A	5	50828231	73133622	-0.4185
TCGA-60-2713-01A	5	73135127	73135146	-2.4838
TCGA-60-2713-01A	5	73135260	81399585	-0.4402
TCGA-60-2713-01A	5	81401888	135306054	-0.4089
TCGA-60-2713-01A	5	135309165	135312312	-2.3341
TCGA-60-2713-01A	5	135312802	168297712	-0.4223
TCGA-60-2713-01A	5	168298716	180934240	-0.4477
TCGA-60-2713-01A	6	1011760	17346029	0.1532
TCGA-60-2713-01A	6	17346244	23922755	0.0689
TCGA-60-2713-01A	6	23925693	34310110	0.0234
TCGA-60-2713-01A	6	34312108	34732999	0.0918
TCGA-60-2713-01A	6	34735918	41368363	0.1321
TCGA-60-2713-01A	6	41368581	52661707	0.168
TCGA-60-2713-01A	6	52661809	53138323	0.1103
TCGA-60-2713-01A	6	53138440	53571799	0.198
TCGA-60-2713-01A	6	53573728	53582821	-0.4087
TCGA-60-2713-01A	6	53582846	57233801	0.197
TCGA-60-2713-01A	6	57237256	134214021	0.1532
TCGA-60-2713-01A	6	134215419	134465324	-0.3811
TCGA-60-2713-01A	6	134465916	134466123	-1.8721
TCGA-60-2713-01A	6	134466725	134655927	-0.3468
TCGA-60-2713-01A	6	134658259	163870711	0.1536
TCGA-60-2713-01A	6	163872158	170596889	0.1116
TCGA-60-2713-01A	7	664936	11492203	0.4649
TCGA-60-2713-01A	7	11492670	16979051	0.5019
TCGA-60-2713-01A	7	16979253	23995508	0.4639
TCGA-60-2713-01A	7	24000259	24000764	2.0068
TCGA-60-2713-01A	7	24001198	40617894	0.4853
TCGA-60-2713-01A	7	40619067	47131902	0.0421
TCGA-60-2713-01A	7	47137820	53537178	0.7969
TCGA-60-2713-01A	7	53539712	54238511	0.495
TCGA-60-2713-01A	7	54247849	54621399	0.5697
TCGA-60-2713-01A	7	54621723	63857880	0.4606
TCGA-60-2713-01A	7	63857929	65714988	0.7584
TCGA-60-2713-01A	7	65718529	70623952	0.0778
TCGA-60-2713-01A	7	70625420	70711927	-1.3255
TCGA-60-2713-01A	7	70713512	75932519	0.0662
TCGA-60-2713-01A	7	75936497	120137060	0.1313
TCGA-60-2713-01A	7	120138190	123256702	0.181
TCGA-60-2713-01A	7	123261128	151055521	0.1363
TCGA-60-2713-01A	7	151073759	152148000	0.0927
TCGA-60-2713-01A	7	152148363	152149428	-1.1575
TCGA-60-2713-01A	7	152150861	158592540	0.0964
TCGA-60-2713-01A	8	667625	14733269	-0.1634
TCGA-60-2713-01A	8	14734706	14735095	-1.5864
TCGA-60-2713-01A	8	14738732	17679039	-0.1411
TCGA-60-2713-01A	8	17681258	17703337	-1.3182
TCGA-60-2713-01A	8	17707010	22211505	-0.146
TCGA-60-2713-01A	8	22218820	22221792	-1.622
TCGA-60-2713-01A	8	22223838	24042669	-0.1656
TCGA-60-2713-01A	8	24042960	24043381	-2.6421
TCGA-60-2713-01A	8	24052408	43080575	-0.1662
TCGA-60-2713-01A	8	46547532	49695432	0.342
TCGA-60-2713-01A	8	49697358	52840523	-0.3933
TCGA-60-2713-01A	8	52841188	63674858	0.1497
TCGA-60-2713-01A	8	63675439	66715904	0.2352
TCGA-60-2713-01A	8	66718567	68848248	0.1595
TCGA-60-2713-01A	8	68855679	81048007	0.2529
TCGA-60-2713-01A	8	81049220	81054342	-0.5808
TCGA-60-2713-01A	8	81057289	96102552	0.2419
TCGA-60-2713-01A	8	96111673	96112652	-1.6787
TCGA-60-2713-01A	8	96113648	144182542	0.2413
TCGA-60-2713-01A	9	789794	15688449	-0.4138
TCGA-60-2713-01A	9	15689761	15711764	0.1841
TCGA-60-2713-01A	9	15714352	38752071	-0.4228
TCGA-60-2713-01A	9	68423153	74764536	0.1713
TCGA-60-2713-01A	9	74766205	84513082	0.1454
TCGA-60-2713-01A	9	84513406	85314318	0.2129
TCGA-60-2713-01A	9	85315142	90332131	0.1445
TCGA-60-2713-01A	9	90332185	92316570	0.1789
TCGA-60-2713-01A	9	92316840	92665734	0.5502
TCGA-60-2713-01A	9	92666253	107895931	0.1784
TCGA-60-2713-01A	9	107896001	108646090	0.2432
TCGA-60-2713-01A	9	108647079	112122238	0.1812
TCGA-60-2713-01A	9	112123060	113574294	-0.3857
TCGA-60-2713-01A	9	113578105	138044505	0.1595
TCGA-60-2713-01A	10	366509	443716	-0.4722
TCGA-60-2713-01A	10	546343	6608045	0.1331
TCGA-60-2713-01A	10	6608144	10214378	0.0969
TCGA-60-2713-01A	10	10214573	13782414	0.1322
TCGA-60-2713-01A	10	13783834	19777940	0.0918
TCGA-60-2713-01A	10	19779925	43029180	0.1195
TCGA-60-2713-01A	10	43029253	43030294	-1.2492
TCGA-60-2713-01A	10	43030575	45108488	0.1143
TCGA-60-2713-01A	10	45112451	45619418	0.5108
TCGA-60-2713-01A	10	45622525	46024691	0.0805
TCGA-60-2713-01A	10	46031728	49868126	-0.3934
TCGA-60-2713-01A	10	50716389	53750096	0.1547
TCGA-60-2713-01A	10	53763482	54341179	0.5293
TCGA-60-2713-01A	10	54344188	87674018	-0.4188
TCGA-60-2713-01A	10	87675635	87870165	-1.3056
TCGA-60-2713-01A	10	87871755	87919940	-0.8563
TCGA-60-2713-01A	10	87919956	115953456	-0.4225
TCGA-60-2713-01A	10	115953710	117729563	0.1333
TCGA-60-2713-01A	10	117730064	126683251	0.1702
TCGA-60-2713-01A	10	126684233	133411599	0.1375
TCGA-60-2713-01A	11	456012	47374671	0.1466
TCGA-60-2713-01A	11	47375152	50092125	0.4975
TCGA-60-2713-01A	11	50096159	75724134	0.1188
TCGA-60-2713-01A	11	75724380	94438787	0.1437
TCGA-60-2713-01A	11	94439061	97122880	0.1837
TCGA-60-2713-01A	11	97122908	131812682	0.1451
TCGA-60-2713-01A	11	131816697	134272740	0.1039
TCGA-60-2713-01A	12	780472	1004014	-0.2002
TCGA-60-2713-01A	12	1008833	1023927	0.1873
TCGA-60-2713-01A	12	1025098	6388185	0.2451
TCGA-60-2713-01A	12	6391704	11699991	0.1801
TCGA-60-2713-01A	12	11700559	16946842	0.2561
TCGA-60-2713-01A	12	16947635	47135062	0.1816
TCGA-60-2713-01A	12	47138143	52603249	0.1411
TCGA-60-2713-01A	12	52603713	52606485	-1.5251
TCGA-60-2713-01A	12	52608194	57466263	0.1537
TCGA-60-2713-01A	12	57467102	57971991	0.1736
TCGA-60-2713-01A	12	57976150	58023291	0.5965
TCGA-60-2713-01A	12	58027270	84184383	0.1817
TCGA-60-2713-01A	12	84184432	92544424	0.21
TCGA-60-2713-01A	12	92545019	98542095	0.1685
TCGA-60-2713-01A	12	98544934	98582226	-0.4847
TCGA-60-2713-01A	12	98591847	98602614	-0.0217
TCGA-60-2713-01A	12	98605532	108504832	0.1695
TCGA-60-2713-01A	12	108506360	108577786	-0.4552
TCGA-60-2713-01A	12	108579751	127707543	0.1594
TCGA-60-2713-01A	12	128240944	128242570	-1.2633
TCGA-60-2713-01A	12	128243236	132605822	0.1203
TCGA-60-2713-01A	13	18874255	23146224	0.1768
TCGA-60-2713-01A	13	23147201	25141880	-0.3211
TCGA-60-2713-01A	13	25144145	34193668	-0.352
TCGA-60-2713-01A	13	34194113	52974058	-0.3227
TCGA-60-2713-01A	13	52975207	52975235	-1.6972
TCGA-60-2713-01A	13	52975638	60928655	-0.3137
TCGA-60-2713-01A	13	60929085	60929214	-2.1534
TCGA-60-2713-01A	13	60932014	68462516	-0.3204
TCGA-60-2713-01A	13	68465098	68929918	0.2027
TCGA-60-2713-01A	13	68931334	75647290	-0.2863
TCGA-60-2713-01A	13	75657326	75657334	-1.7826
TCGA-60-2713-01A	13	75657613	92559122	-0.2925
TCGA-60-2713-01A	13	92561915	92562110	-2.147
TCGA-60-2713-01A	13	92564269	110602152	-0.3033
TCGA-60-2713-01A	13	110605526	114226675	0.102
TCGA-60-2713-01A	14	20033191	60608989	-0.349
TCGA-60-2713-01A	14	60610766	81691939	-0.3245
TCGA-60-2713-01A	14	81692085	105533894	-0.2746
TCGA-60-2713-01A	15	23437561	35644342	0.103
TCGA-60-2713-01A	15	35650689	39791894	0.1508
TCGA-60-2713-01A	15	39795420	52202732	0.1206
TCGA-60-2713-01A	15	52204736	52443159	-0.4075
TCGA-60-2713-01A	15	52454107	77592932	0.1244
TCGA-60-2713-01A	15	77594522	79848971	0.0814
TCGA-60-2713-01A	15	79849133	101344124	0.1302
TCGA-60-2713-01A	16	603333	20941080	0.0952
TCGA-60-2713-01A	16	20941595	23196796	0.481
TCGA-60-2713-01A	16	23197331	25174217	0.3095
TCGA-60-2713-01A	16	25176026	26158974	0.5128
TCGA-60-2713-01A	16	26159619	31841585	0.3367
TCGA-60-2713-01A	16	46470502	87368138	-0.4285
TCGA-60-2713-01A	16	87370769	87370784	-2.3183
TCGA-60-2713-01A	16	87371254	89317317	-0.438
TCGA-60-2713-01A	17	1074619	9852466	-0.4102
TCGA-60-2713-01A	17	9852740	9856173	-2.5442
TCGA-60-2713-01A	17	9857272	30928011	-0.4036
TCGA-60-2713-01A	17	30928978	31144955	-1.1972
TCGA-60-2713-01A	17	31145154	45461373	-0.3955
TCGA-60-2713-01A	17	46733528	61687763	0.1399
TCGA-60-2713-01A	17	61689598	61921072	-0.1699
TCGA-60-2713-01A	17	61926943	82959812	0.1373
TCGA-60-2713-01A	18	326691	22392782	0.1404
TCGA-60-2713-01A	18	22393926	22508970	0.2466
TCGA-60-2713-01A	18	22517485	53471756	0.1582
TCGA-60-2713-01A	18	53471978	71371355	0.1769
TCGA-60-2713-01A	18	71371540	79349796	0.127
TCGA-60-2713-01A	19	283868	2064620	0.1595
TCGA-60-2713-01A	19	2084161	2213180	-0.3049
TCGA-60-2713-01A	19	2218360	33208777	0.1298
TCGA-60-2713-01A	19	33214804	34842259	0.2027
TCGA-60-2713-01A	19	34842266	58370362	0.1435
TCGA-60-2713-01A	20	472817	7226653	0.1233
TCGA-60-2713-01A	20	7226740	12358736	0.173
TCGA-60-2713-01A	20	12366324	17722108	0.1336
TCGA-60-2713-01A	20	17723415	17736182	-0.7551
TCGA-60-2713-01A	20	17736265	38065908	0.1207
TCGA-60-2713-01A	20	38068832	38794083	-0.4656
TCGA-60-2713-01A	20	38798659	42783820	0.141
TCGA-60-2713-01A	20	42783937	45143631	0.0921
TCGA-60-2713-01A	20	45144527	55847122	0.1391
TCGA-60-2713-01A	20	55847583	61512800	0.1001
TCGA-60-2713-01A	20	61515326	63588502	0.1379
TCGA-60-2713-01A	21	13974127	23536044	0.8553
TCGA-60-2713-01A	21	23536758	24279749	1.2481
TCGA-60-2713-01A	21	24279976	27721916	1.0665
TCGA-60-2713-01A	21	27725527	29263948	0.8156
TCGA-60-2713-01A	21	29264433	29760856	0.1405
TCGA-60-2713-01A	21	29764010	29765618	-0.6299
TCGA-60-2713-01A	21	29768434	33744133	0.1307
TCGA-60-2713-01A	21	33749969	33837626	-0.385
TCGA-60-2713-01A	21	33837880	33838178	-1.8299
TCGA-60-2713-01A	21	33841115	41067836	-0.4282
TCGA-60-2713-01A	21	41068140	41068787	-2.0531
TCGA-60-2713-01A	21	41070143	46262057	-0.4523
TCGA-60-2713-01A	22	16934932	24074954	0.1259
TCGA-60-2713-01A	22	24075001	24076656	-1.0812
TCGA-60-2713-01A	22	24076692	27305356	0.1138
TCGA-60-2713-01A	22	27309815	27310171	-1.4515
TCGA-60-2713-01A	22	27310912	39912696	0.1073
TCGA-60-2713-01A	22	39979144	43684766	0.497
TCGA-60-2713-01A	22	43690157	46310463	0.1144
TCGA-60-2713-01A	22	46315536	48940621	0.5248
TCGA-60-2713-01A	X	3236359	13516104	0.0333
TCGA-60-2713-01A	X	13516361	13516607	-3.1971
TCGA-60-2713-01A	X	13517211	41577398	0.0109
TCGA-60-2713-01A	X	41579686	41579938	-3.9691
TCGA-60-2713-01A	X	41580254	54957833	0.003
TCGA-60-2713-01A	X	54961730	54961862	2.7108
TCGA-60-2713-01A	X	54966767	138775656	-8e-04
TCGA-60-2713-01A	X	138783881	138815960	-1.2587
TCGA-60-2713-01A	X	138817726	155677414	-0.0049
