sample	Chrom	Start	End	value
TCGA-44-2665-01A	1	3301765	60672731	-0.0138
TCGA-44-2665-01A	1	60673476	67322032	-0.3979
TCGA-44-2665-01A	1	67323908	74461536	0.0021
TCGA-44-2665-01A	1	74464006	149914031	-0.3911
TCGA-44-2665-01A	1	149918981	149972350	0.0463
TCGA-44-2665-01A	1	149975408	158544860	0.5586
TCGA-44-2665-01A	1	158545103	158545233	-0.4215
TCGA-44-2665-01A	1	158545295	168008445	0.5746
TCGA-44-2665-01A	1	168011661	168016016	2.1571
TCGA-44-2665-01A	1	168016712	180524705	0.5738
TCGA-44-2665-01A	1	180524808	180525364	2.0694
TCGA-44-2665-01A	1	180526534	196015096	0.5786
TCGA-44-2665-01A	1	196015898	196983282	0.7882
TCGA-44-2665-01A	1	196986769	217327791	0.5704
TCGA-44-2665-01A	1	217333445	217334497	-0.3922
TCGA-44-2665-01A	1	217336866	220588265	0.5698
TCGA-44-2665-01A	1	220589182	220592537	-1.0402
TCGA-44-2665-01A	1	220602179	226817303	0.5758
TCGA-44-2665-01A	1	226819271	226819481	-0.9386
TCGA-44-2665-01A	1	226825995	233611792	0.5812
TCGA-44-2665-01A	1	233618245	234254426	0.8028
TCGA-44-2665-01A	1	234262297	247649129	0.5618
TCGA-44-2665-01A	1	247650404	247650984	-0.0548
TCGA-44-2665-01A	2	480597	74864903	-0.3993
TCGA-44-2665-01A	2	74865434	74865647	-3.0979
TCGA-44-2665-01A	2	74865845	88335454	-0.3887
TCGA-44-2665-01A	2	88342816	88460034	-0.0111
TCGA-44-2665-01A	2	88460447	88831554	-0.4053
TCGA-44-2665-01A	2	94675825	101900299	0.0147
TCGA-44-2665-01A	2	101902567	104009395	-0.3817
TCGA-44-2665-01A	2	104010016	116118808	0.005
TCGA-44-2665-01A	2	116119519	116640762	-0.4011
TCGA-44-2665-01A	2	116643505	126729881	0.007
TCGA-44-2665-01A	2	126730046	126734579	-1.5772
TCGA-44-2665-01A	2	126734615	169815974	0.0185
TCGA-44-2665-01A	2	169818221	169929650	-0.483
TCGA-44-2665-01A	2	169936409	200476113	0.0168
TCGA-44-2665-01A	2	200478813	201246743	0.3164
TCGA-44-2665-01A	2	201248829	241537572	0.0073
TCGA-44-2665-01A	3	2170634	197812401	0.0112
TCGA-44-2665-01A	4	1059384	187842528	0.0093
TCGA-44-2665-01A	5	913983	25077135	6.00E-04
TCGA-44-2665-01A	5	25077162	72659099	0.322
TCGA-44-2665-01A	5	72659266	72745584	0.7522
TCGA-44-2665-01A	5	72749423	149028382	0.3176
TCGA-44-2665-01A	5	149028538	180934240	0.2995
TCGA-44-2665-01A	6	1011760	24855523	-0.0739
TCGA-44-2665-01A	6	24856351	65463007	-1.00E-04
TCGA-44-2665-01A	6	65464406	67451592	-0.0554
TCGA-44-2665-01A	6	67457153	67457396	-1.3183
TCGA-44-2665-01A	6	67457837	73155993	-0.0356
TCGA-44-2665-01A	6	73156035	117546674	-0.0741
TCGA-44-2665-01A	6	117546888	170596889	-0.0201
TCGA-44-2665-01A	7	664936	55064387	6.00E-04
TCGA-44-2665-01A	7	55065310	77298694	-0.0287
TCGA-44-2665-01A	7	77301378	158592540	-0.001
TCGA-44-2665-01A	8	667625	68479910	0.0033
TCGA-44-2665-01A	8	68497207	85608821	0.3228
TCGA-44-2665-01A	8	85828731	110011194	-0.3966
TCGA-44-2665-01A	8	110015682	133708439	0.3236
TCGA-44-2665-01A	8	133708573	133710867	-1.2752
TCGA-44-2665-01A	8	133710876	144182542	0.317
TCGA-44-2665-01A	9	789794	21756661	-0.3846
TCGA-44-2665-01A	9	21757433	22891411	-0.8862
TCGA-44-2665-01A	9	22899687	23303967	-0.3713
TCGA-44-2665-01A	9	23306964	23342929	-0.8468
TCGA-44-2665-01A	9	23343454	24532445	-0.3858
TCGA-44-2665-01A	9	24532691	30636128	-0.0125
TCGA-44-2665-01A	9	30636367	33353214	0.273
TCGA-44-2665-01A	9	33354238	35412754	-0.0248
TCGA-44-2665-01A	9	35413135	38104147	-0.4088
TCGA-44-2665-01A	9	38104332	72921748	-0.0051
TCGA-44-2665-01A	9	72921963	73438368	-0.39
TCGA-44-2665-01A	9	73443038	85112728	0.0022
TCGA-44-2665-01A	9	85113635	85114114	-2.0571
TCGA-44-2665-01A	9	85115650	106176048	-0.0054
TCGA-44-2665-01A	9	106176817	106181854	1.9667
TCGA-44-2665-01A	9	106188413	125795298	0.0017
TCGA-44-2665-01A	9	125795442	125806857	-0.9399
TCGA-44-2665-01A	9	125807811	138044505	-0.0239
TCGA-44-2665-01A	10	366509	79271606	-0.0066
TCGA-44-2665-01A	10	79272798	79274348	-1.7628
TCGA-44-2665-01A	10	79275156	133411599	-0.0064
TCGA-44-2665-01A	11	456012	76884349	-0.0011
TCGA-44-2665-01A	11	76885576	122171812	0.0223
TCGA-44-2665-01A	11	122173038	122747677	-0.0186
TCGA-44-2665-01A	11	122748183	122748584	-1.6222
TCGA-44-2665-01A	11	122748622	134272740	0.0091
TCGA-44-2665-01A	12	780472	117165756	0.0225
TCGA-44-2665-01A	12	117166220	117166760	-1.8144
TCGA-44-2665-01A	12	117168133	132605822	0.0071
TCGA-44-2665-01A	13	18874255	21302596	-0.4159
TCGA-44-2665-01A	13	21302725	28580298	-2.00E-04
TCGA-44-2665-01A	13	28580967	35192838	-0.407
TCGA-44-2665-01A	13	35196900	114226675	0.0039
TCGA-44-2665-01A	14	20033191	105533894	-0.0038
TCGA-44-2665-01A	15	23437561	101344124	-0.0022
TCGA-44-2665-01A	16	603333	82878769	0.5671
TCGA-44-2665-01A	16	82878966	82879051	-0.9473
TCGA-44-2665-01A	16	82881073	89317317	0.5712
TCGA-44-2665-01A	17	1074619	5244209	-0.4143
TCGA-44-2665-01A	17	5247358	5335860	-0.0035
TCGA-44-2665-01A	17	5338772	5571674	-0.478
TCGA-44-2665-01A	17	5579550	6055381	-0.0229
TCGA-44-2665-01A	17	6057529	15860345	-0.4256
TCGA-44-2665-01A	17	15861193	15966243	-0.0574
TCGA-44-2665-01A	17	15967196	16008090	-0.4471
TCGA-44-2665-01A	17	16013417	16718444	-0.0054
TCGA-44-2665-01A	17	16718504	21288047	-0.4293
TCGA-44-2665-01A	17	21289118	82959812	-0.0103
TCGA-44-2665-01A	18	326691	2548422	-3.00E-04
TCGA-44-2665-01A	18	2783353	5955084	-0.1529
TCGA-44-2665-01A	18	5955912	21128631	0.004
TCGA-44-2665-01A	18	21131323	26429636	-0.3304
TCGA-44-2665-01A	18	26429922	29252930	-0.1813
TCGA-44-2665-01A	18	29254486	34766185	0.0068
TCGA-44-2665-01A	18	34766372	50080575	-0.3341
TCGA-44-2665-01A	18	50080890	50082074	-2.0618
TCGA-44-2665-01A	18	50082252	59850736	-0.3325
TCGA-44-2665-01A	18	59851744	59851878	-2.4269
TCGA-44-2665-01A	18	59854230	79349796	-0.3272
TCGA-44-2665-01A	19	283868	9625559	0.2699
TCGA-44-2665-01A	19	9631507	9635979	1.5218
TCGA-44-2665-01A	19	9646374	27749470	0.275
TCGA-44-2665-01A	19	27749586	42535098	-0.0218
TCGA-44-2665-01A	19	42538670	42712819	-0.3607
TCGA-44-2665-01A	19	43458545	47836043	-0.0102
TCGA-44-2665-01A	19	47837811	47959373	0.1494
TCGA-44-2665-01A	19	47960126	58370362	-0.4155
TCGA-44-2665-01A	20	472817	21989391	-0.3843
TCGA-44-2665-01A	20	21989721	25361505	-0.079
TCGA-44-2665-01A	20	25366585	62868777	-0.0049
TCGA-44-2665-01A	20	62872042	63588502	-0.0624
TCGA-44-2665-01A	21	13974127	46262057	0.0085
TCGA-44-2665-01A	22	16934932	48940621	-0.0181
TCGA-44-2665-01A	X	3236359	11934837	0.0278
TCGA-44-2665-01A	X	11934993	11942780	-1.9689
TCGA-44-2665-01A	X	11943110	155677414	0.018
TCGA-44-2668-01A	1	3301765	24386093	-0.1295
TCGA-44-2668-01A	1	24386232	45498463	-0.0631
TCGA-44-2668-01A	1	45500910	47402333	0.0881
TCGA-44-2668-01A	1	47403203	52764094	0.0269
TCGA-44-2668-01A	1	52764909	53343616	0.0884
TCGA-44-2668-01A	1	53346270	53346539	-1.4397
TCGA-44-2668-01A	1	53353309	60077662	0.0769
TCGA-44-2668-01A	1	60077688	67038630	-0.0876
TCGA-44-2668-01A	1	67044015	68241787	0.0494
TCGA-44-2668-01A	1	68242951	113002219	-0.0989
TCGA-44-2668-01A	1	113004733	117257337	-0.3756
TCGA-44-2668-01A	1	117259125	119267783	-0.2674
TCGA-44-2668-01A	1	119276300	119981332	-0.0386
TCGA-44-2668-01A	1	119984738	154857098	0.2498
TCGA-44-2668-01A	1	154859775	155315261	0.446
TCGA-44-2668-01A	1	155317731	247650984	0.2228
TCGA-44-2668-01A	2	480597	94675825	-0.0289
TCGA-44-2668-01A	2	94675975	133955805	0.2227
TCGA-44-2668-01A	2	133956164	133956488	-1.9639
TCGA-44-2668-01A	2	133962149	139119552	0.0688
TCGA-44-2668-01A	2	139120051	139120852	-1.5871
TCGA-44-2668-01A	2	139120904	241537572	0.059
TCGA-44-2668-01A	3	2170634	9720911	-0.2347
TCGA-44-2668-01A	3	9725983	9983246	0.0959
TCGA-44-2668-01A	3	9990575	89773391	-0.2338
TCGA-44-2668-01A	3	89776979	135149091	0.1475
TCGA-44-2668-01A	3	135149110	197812401	0.3197
TCGA-44-2668-01A	4	1059384	170080354	-0.011
TCGA-44-2668-01A	4	170080508	171427515	-0.2761
TCGA-44-2668-01A	4	171429410	171803881	-0.0688
TCGA-44-2668-01A	4	171804073	180154225	-0.2513
TCGA-44-2668-01A	4	180156493	187842528	-0.0272
TCGA-44-2668-01A	5	913983	17454674	0.3414
TCGA-44-2668-01A	5	17455457	31347383	0.3077
TCGA-44-2668-01A	5	31347396	36503363	0.3438
TCGA-44-2668-01A	5	36503674	36503828	1.7134
TCGA-44-2668-01A	5	36505589	50856633	0.3343
TCGA-44-2668-01A	5	50865690	98753881	-0.0298
TCGA-44-2668-01A	5	98755278	98760265	-1.9488
TCGA-44-2668-01A	5	98765973	135393832	-0.0298
TCGA-44-2668-01A	5	135394553	135394830	-2.0361
TCGA-44-2668-01A	5	135395080	141984979	-0.0076
TCGA-44-2668-01A	5	141986582	142259488	0.1913
TCGA-44-2668-01A	5	142263185	146542173	-0.0327
TCGA-44-2668-01A	5	146542370	146542420	-1.8943
TCGA-44-2668-01A	5	146544721	172231342	-0.0302
TCGA-44-2668-01A	5	172231347	172231539	-2.2442
TCGA-44-2668-01A	5	172231777	180934240	-0.0182
TCGA-44-2668-01A	6	1011760	30381517	-0.0112
TCGA-44-2668-01A	6	30382883	31116036	0.1675
TCGA-44-2668-01A	6	31116298	73733835	-0.0063
TCGA-44-2668-01A	6	73735297	90376660	-0.2297
TCGA-44-2668-01A	6	90376743	90575021	-0.001
TCGA-44-2668-01A	6	90576903	138456649	-0.2424
TCGA-44-2668-01A	6	138460884	138465446	-2.096
TCGA-44-2668-01A	6	138468398	141745094	-0.2474
TCGA-44-2668-01A	6	141753829	141813607	-1.4642
TCGA-44-2668-01A	6	141821317	149215100	-0.2477
TCGA-44-2668-01A	6	149215787	170596889	-0.0847
TCGA-44-2668-01A	7	664936	77608956	-0.0237
TCGA-44-2668-01A	7	77610139	77766087	0.2422
TCGA-44-2668-01A	7	77772331	158592540	-0.0246
TCGA-44-2668-01A	8	667625	40480424	-0.2501
TCGA-44-2668-01A	8	40480593	42890734	-9.00E-04
TCGA-44-2668-01A	8	42891907	46558953	-0.2364
TCGA-44-2668-01A	8	46560145	79957495	0.1423
TCGA-44-2668-01A	8	79962768	106833670	0.3297
TCGA-44-2668-01A	8	106833794	115340808	0.2966
TCGA-44-2668-01A	8	115347355	134950408	0.3481
TCGA-44-2668-01A	8	134952728	137600925	0.29
TCGA-44-2668-01A	8	137601287	144182542	0.3525
TCGA-44-2668-01A	9	789794	9070768	-0.2489
TCGA-44-2668-01A	9	9074947	9505609	-0.5715
TCGA-44-2668-01A	9	9511247	24689216	-0.2309
TCGA-44-2668-01A	9	24692116	25398071	0.0413
TCGA-44-2668-01A	9	25404818	30935527	-0.252
TCGA-44-2668-01A	9	30935941	31381382	-0.0446
TCGA-44-2668-01A	9	31381461	31628477	-0.2572
TCGA-44-2668-01A	9	31628929	31757726	-7.00E-04
TCGA-44-2668-01A	9	31758167	38452976	0.0646
TCGA-44-2668-01A	9	38453546	38752071	-0.2352
TCGA-44-2668-01A	9	68423153	115072561	-0.0022
TCGA-44-2668-01A	9	115072662	115073652	-1.2089
TCGA-44-2668-01A	9	115074121	115079137	0.0705
TCGA-44-2668-01A	9	115081470	115131813	-0.2451
TCGA-44-2668-01A	9	115134405	115388013	0.0581
TCGA-44-2668-01A	9	115390920	115462020	-0.1174
TCGA-44-2668-01A	9	115466219	116746688	-0.2459
TCGA-44-2668-01A	9	116746997	126837921	0.001
TCGA-44-2668-01A	9	126838723	135017513	-0.2542
TCGA-44-2668-01A	9	135021093	135248141	-0.0121
TCGA-44-2668-01A	9	135472087	136874454	-0.2803
TCGA-44-2668-01A	9	136875283	138044505	0.0094
TCGA-44-2668-01A	10	366509	133411599	-0.0151
TCGA-44-2668-01A	11	456012	106635414	-0.015
TCGA-44-2668-01A	11	106635873	106636471	-1.8906
TCGA-44-2668-01A	11	106640397	117895424	-0.0096
TCGA-44-2668-01A	11	117896141	117940452	0.2182
TCGA-44-2668-01A	11	117942259	118362452	0.3724
TCGA-44-2668-01A	11	118366623	134272740	0.1777
TCGA-44-2668-01A	12	780472	15535089	0.1284
TCGA-44-2668-01A	12	15536484	15536629	-1.9252
TCGA-44-2668-01A	12	15537017	16358912	0.1298
TCGA-44-2668-01A	12	16361157	16932671	0.2125
TCGA-44-2668-01A	12	16933304	18229736	0.2857
TCGA-44-2668-01A	12	18229773	26102151	0.1847
TCGA-44-2668-01A	12	26104334	27128393	0.1341
TCGA-44-2668-01A	12	27128961	27190250	1.4703
TCGA-44-2668-01A	12	27190293	30731158	0.119
TCGA-44-2668-01A	12	30733207	30945759	0.1608
TCGA-44-2668-01A	12	30946406	32652119	0.2584
TCGA-44-2668-01A	12	32657331	57570686	0.1859
TCGA-44-2668-01A	12	57572289	58123217	0.5023
TCGA-44-2668-01A	12	58126692	61763200	0.1567
TCGA-44-2668-01A	12	61763649	132605822	-0.056
TCGA-44-2668-01A	13	18874255	114226675	-0.0173
TCGA-44-2668-01A	14	20033191	105533894	0.1424
TCGA-44-2668-01A	15	23437561	39359272	-0.0225
TCGA-44-2668-01A	15	39359333	88935232	-0.2429
TCGA-44-2668-01A	15	88935910	100862653	-0.0023
TCGA-44-2668-01A	15	100866324	100869219	-2.0273
TCGA-44-2668-01A	15	100870206	101344124	0.0122
TCGA-44-2668-01A	16	603333	31802978	-0.0074
TCGA-44-2668-01A	16	31808844	60299695	0.0647
TCGA-44-2668-01A	16	60300337	65090997	0.019
TCGA-44-2668-01A	16	65093333	89317317	0.0584
TCGA-44-2668-01A	17	1074619	8946983	-0.2079
TCGA-44-2668-01A	17	8947143	11403776	-0.0794
TCGA-44-2668-01A	17	11403878	11404637	-1.5783
TCGA-44-2668-01A	17	11405832	12991489	-0.0822
TCGA-44-2668-01A	17	12992498	12992667	1.3506
TCGA-44-2668-01A	17	12996146	27640923	-0.0735
TCGA-44-2668-01A	17	27641274	27745030	-0.868
TCGA-44-2668-01A	17	27747965	46733528	-0.0738
TCGA-44-2668-01A	17	46733732	75444150	0.1395
TCGA-44-2668-01A	17	75445009	76025223	0.3553
TCGA-44-2668-01A	17	76032299	82613184	0.1372
TCGA-44-2668-01A	17	82613253	82613318	-1.5783
TCGA-44-2668-01A	17	82613629	82959812	0.1852
TCGA-44-2668-01A	18	326691	22580120	-0.0921
TCGA-44-2668-01A	18	22580179	25338044	-0.002
TCGA-44-2668-01A	18	25338163	25339832	-1.3752
TCGA-44-2668-01A	18	25344232	25442513	-0.0221
TCGA-44-2668-01A	18	25444441	45485606	0.179
TCGA-44-2668-01A	18	45488110	46603009	0.2675
TCGA-44-2668-01A	18	46604655	48197672	0.1992
TCGA-44-2668-01A	18	48201062	74503292	-0.247
TCGA-44-2668-01A	18	74507273	75366538	-0.1382
TCGA-44-2668-01A	18	75367542	79349796	-0.2585
TCGA-44-2668-01A	19	283868	16190302	-0.0147
TCGA-44-2668-01A	19	16190733	16192204	-2.6605
TCGA-44-2668-01A	19	16196014	41224347	8.00E-04
TCGA-44-2668-01A	19	41224981	43459491	-0.2244
TCGA-44-2668-01A	19	43459713	44592553	-0.0094
TCGA-44-2668-01A	19	44595209	45167265	0.2357
TCGA-44-2668-01A	19	45177876	57542760	-0.2433
TCGA-44-2668-01A	19	57544282	58046061	0.0024
TCGA-44-2668-01A	19	58047069	58370362	-0.2412
TCGA-44-2668-01A	20	472817	2276432	-0.0143
TCGA-44-2668-01A	20	2277588	18994835	-0.2544
TCGA-44-2668-01A	20	18995355	24897060	-0.0107
TCGA-44-2668-01A	20	24899779	31258478	-0.2418
TCGA-44-2668-01A	20	31258500	32084806	0.411
TCGA-44-2668-01A	20	32085033	38649926	-0.0114
TCGA-44-2668-01A	20	38651324	40107414	-0.2579
TCGA-44-2668-01A	20	40108224	46979118	-0.0045
TCGA-44-2668-01A	20	46979925	54575173	0.1439
TCGA-44-2668-01A	20	54575372	61636279	-0.0743
TCGA-44-2668-01A	20	61637438	61639145	-1.9456
TCGA-44-2668-01A	20	61643148	63588502	-0.0491
TCGA-44-2668-01A	21	13974127	46262057	-0.0796
TCGA-44-2668-01A	22	16934932	36412940	-0.0652
TCGA-44-2668-01A	22	36415774	36851809	0.1142
TCGA-44-2668-01A	22	36851836	47345708	-0.0629
TCGA-44-2668-01A	22	47353491	47356361	-2.6495
TCGA-44-2668-01A	22	47356532	48940621	-0.0897
TCGA-44-2668-01A	X	3236359	84201969	0.0046
TCGA-44-2668-01A	X	84202340	84660828	0.6453
TCGA-44-2668-01A	X	84661010	111943889	-0.0083
TCGA-44-2668-01A	X	111944361	111948809	-5.145
TCGA-44-2668-01A	X	111949007	116531591	-0.0363
TCGA-44-2668-01A	X	116531879	116531908	-5.6552
TCGA-44-2668-01A	X	116533474	155677414	0.0059
