sample	Chrom	Start	End	value
TCGA-55-7574-01A	1	3301765	7597033	0.1564
TCGA-55-7574-01A	1	7597680	8431853	0.0312
TCGA-55-7574-01A	1	8432644	9778296	0.1531
TCGA-55-7574-01A	1	9784716	10162947	0.0331
TCGA-55-7574-01A	1	10163022	10424794	0.1208
TCGA-55-7574-01A	1	10424907	10662911	0.0077
TCGA-55-7574-01A	1	10666632	11777242	0.1571
TCGA-55-7574-01A	1	11777763	12149493	0.0075
TCGA-55-7574-01A	1	12156431	13769925	0.1222
TCGA-55-7574-01A	1	13769962	14071696	0.0265
TCGA-55-7574-01A	1	14073132	14430560	0.1675
TCGA-55-7574-01A	1	14430744	23390135	0.0211
TCGA-55-7574-01A	1	23393044	35657009	-0.1097
TCGA-55-7574-01A	1	35657668	38364526	0.0067
TCGA-55-7574-01A	1	38369145	38917494	-0.1202
TCGA-55-7574-01A	1	38919547	43266448	0.0127
TCGA-55-7574-01A	1	43267036	44072886	-0.1198
TCGA-55-7574-01A	1	44075615	52735029	0.0245
TCGA-55-7574-01A	1	52737992	54292628	-0.1215
TCGA-55-7574-01A	1	54295743	61052767	0.0271
TCGA-55-7574-01A	1	61056146	61583104	-0.084
TCGA-55-7574-01A	1	61583307	78378294	0.0296
TCGA-55-7574-01A	1	78378312	78609328	-0.1155
TCGA-55-7574-01A	1	78613481	79702833	0.0205
TCGA-55-7574-01A	1	79705683	80289470	-0.1063
TCGA-55-7574-01A	1	80315916	84139646	0.0204
TCGA-55-7574-01A	1	84143675	86403091	-0.0953
TCGA-55-7574-01A	1	86404070	91040036	0.0301
TCGA-55-7574-01A	1	91041536	91472138	-0.1206
TCGA-55-7574-01A	1	91473167	91761330	0.0371
TCGA-55-7574-01A	1	91768263	92624919	-0.1006
TCGA-55-7574-01A	1	92627194	96237082	0.0243
TCGA-55-7574-01A	1	96237139	111184275	-0.0252
TCGA-55-7574-01A	1	111184774	116041897	-0.1645
TCGA-55-7574-01A	1	116045946	117272208	-0.054
TCGA-55-7574-01A	1	117275774	119665849	0.055
TCGA-55-7574-01A	1	119666941	149906351	-0.0294
TCGA-55-7574-01A	1	149909846	157756886	0.3416
TCGA-55-7574-01A	1	157759384	158508468	0.4454
TCGA-55-7574-01A	1	158513786	161202735	0.3656
TCGA-55-7574-01A	1	161202941	169246873	0.152
TCGA-55-7574-01A	1	169247699	169548082	0.3666
TCGA-55-7574-01A	1	169549874	170301927	0.4
TCGA-55-7574-01A	1	170302029	176446882	0.4641
TCGA-55-7574-01A	1	176448578	176667524	0.387
TCGA-55-7574-01A	1	176668322	187897762	0.343
TCGA-55-7574-01A	1	187897775	190349634	0.2983
TCGA-55-7574-01A	1	190353016	203009069	0.2344
TCGA-55-7574-01A	1	203009306	207433747	0.3571
TCGA-55-7574-01A	1	207434180	209131367	0.1616
TCGA-55-7574-01A	1	209132320	212798827	0.3179
TCGA-55-7574-01A	1	212798840	216776531	0.4013
TCGA-55-7574-01A	1	216776594	218964306	0.4449
TCGA-55-7574-01A	1	218965058	227604154	0.248
TCGA-55-7574-01A	1	227607252	227764311	-0.0282
TCGA-55-7574-01A	1	227768124	228093516	0.241
TCGA-55-7574-01A	1	228094258	231188551	0.0208
TCGA-55-7574-01A	1	231188698	232395709	0.1918
TCGA-55-7574-01A	1	232395807	247650984	0.0187
TCGA-55-7574-01A	2	480597	70716286	-0.0218
TCGA-55-7574-01A	2	70716497	70716577	-2.105
TCGA-55-7574-01A	2	70716884	77738395	-0.0368
TCGA-55-7574-01A	2	77774293	78293644	0.0813
TCGA-55-7574-01A	2	78293794	81719737	-0.0397
TCGA-55-7574-01A	2	81722839	81723371	-1.2242
TCGA-55-7574-01A	2	81726408	83234510	-0.0529
TCGA-55-7574-01A	2	83235796	87936297	0.0783
TCGA-55-7574-01A	2	87942402	95022090	-0.0028
TCGA-55-7574-01A	2	95027029	103699646	0.1041
TCGA-55-7574-01A	2	103700025	122152955	0.0292
TCGA-55-7574-01A	2	122162999	122171122	-1.1027
TCGA-55-7574-01A	2	122172128	196937814	0.0294
TCGA-55-7574-01A	2	196938295	198098250	0.0036
TCGA-55-7574-01A	2	198100201	219702258	-0.0288
TCGA-55-7574-01A	2	219702670	221162018	0.0259
TCGA-55-7574-01A	2	221162076	221162090	-1.293
TCGA-55-7574-01A	2	221162424	241537572	0.0181
TCGA-55-7574-01A	3	2170634	90453712	0.0262
TCGA-55-7574-01A	3	91390926	97958725	-0.1186
TCGA-55-7574-01A	3	97959170	197812401	0.034
TCGA-55-7574-01A	4	1059384	45591440	-0.1075
TCGA-55-7574-01A	4	45603382	110121184	-0.0909
TCGA-55-7574-01A	4	110121916	110122054	-1.6473
TCGA-55-7574-01A	4	110123089	187842528	-0.0927
TCGA-55-7574-01A	5	913983	1966664	0.006
TCGA-55-7574-01A	5	1966759	8203819	0.0911
TCGA-55-7574-01A	5	8206145	8219828	-0.5813
TCGA-55-7574-01A	5	8226226	24202891	0.084
TCGA-55-7574-01A	5	24203160	41552949	0.1126
TCGA-55-7574-01A	5	41553361	50837911	0.0923
TCGA-55-7574-01A	5	50839150	50944285	0.3687
TCGA-55-7574-01A	5	50944465	50998042	0.0639
TCGA-55-7574-01A	5	50999097	180934240	0.0104
TCGA-55-7574-01A	6	1011760	1190758	-0.0221
TCGA-55-7574-01A	6	1192187	1192736	-1.0716
TCGA-55-7574-01A	6	1193180	6273851	-0.0113
TCGA-55-7574-01A	6	6273928	6274021	-0.9479
TCGA-55-7574-01A	6	6274337	6917026	-0.0174
TCGA-55-7574-01A	6	6917893	7504124	0.0688
TCGA-55-7574-01A	6	7504154	10446120	-0.0991
TCGA-55-7574-01A	6	10446860	11202971	0.1024
TCGA-55-7574-01A	6	11203673	13755353	-0.1054
TCGA-55-7574-01A	6	13761884	14005790	0.0692
TCGA-55-7574-01A	6	14005856	14299565	0.2173
TCGA-55-7574-01A	6	14303270	14303362	-0.4097
TCGA-55-7574-01A	6	14305574	14836033	0.2578
TCGA-55-7574-01A	6	14843529	15725192	0.0638
TCGA-55-7574-01A	6	15725212	17346244	-0.1109
TCGA-55-7574-01A	6	17347331	19083803	0.0948
TCGA-55-7574-01A	6	19087505	48410530	-0.0209
TCGA-55-7574-01A	6	48413546	50936543	-0.1169
TCGA-55-7574-01A	6	50937126	57237925	-0.0555
TCGA-55-7574-01A	6	57240675	61530738	0.0068
TCGA-55-7574-01A	6	61596503	69000229	0.1631
TCGA-55-7574-01A	6	69000433	69727260	0.4446
TCGA-55-7574-01A	6	69727314	89779406	-0.047
TCGA-55-7574-01A	6	89779430	91032879	0.0266
TCGA-55-7574-01A	6	91039523	93023666	0.2246
TCGA-55-7574-01A	6	93025356	93331391	0.354
TCGA-55-7574-01A	6	93331821	93424209	0.1946
TCGA-55-7574-01A	6	93424505	123934233	-0.0558
TCGA-55-7574-01A	6	123935320	123936198	-1.1222
TCGA-55-7574-01A	6	123940169	170596889	-0.0592
TCGA-55-7574-01A	7	664936	119606410	-0.0128
TCGA-55-7574-01A	7	119610132	121244399	0.1055
TCGA-55-7574-01A	7	121245493	122366011	-0.0114
TCGA-55-7574-01A	7	122366262	145917382	0.0446
TCGA-55-7574-01A	7	145921459	146058095	-0.0198
TCGA-55-7574-01A	7	146062008	146095755	0.162
TCGA-55-7574-01A	7	146097238	150643123	-0.0131
TCGA-55-7574-01A	7	150643707	150644353	-1.4177
TCGA-55-7574-01A	7	150644630	158592540	-0.0087
TCGA-55-7574-01A	8	667625	16500751	-0.08
TCGA-55-7574-01A	8	16501359	16507409	-0.6018
TCGA-55-7574-01A	8	16507423	34820410	-0.078
TCGA-55-7574-01A	8	34822702	34823845	-1.0138
TCGA-55-7574-01A	8	34829516	43080575	-0.0848
TCGA-55-7574-01A	8	46547532	46653968	0.0237
TCGA-55-7574-01A	8	46657995	88835949	-0.053
TCGA-55-7574-01A	8	88836362	91923956	-0.0056
TCGA-55-7574-01A	8	91924385	98879411	0.063
TCGA-55-7574-01A	8	98879860	99779711	0.2438
TCGA-55-7574-01A	8	99783054	102512233	0.057
TCGA-55-7574-01A	8	102513383	102613016	0.4199
TCGA-55-7574-01A	8	102617978	102765303	0.0456
TCGA-55-7574-01A	8	102767930	102862333	0.4429
TCGA-55-7574-01A	8	102862696	103139551	0.0828
TCGA-55-7574-01A	8	103142485	103345719	0.4083
TCGA-55-7574-01A	8	103347493	104036067	0.0677
TCGA-55-7574-01A	8	104036069	104140776	0.4132
TCGA-55-7574-01A	8	104141531	104157222	0.1612
TCGA-55-7574-01A	8	104157721	107122352	0.0318
TCGA-55-7574-01A	8	107124084	108338419	0.1719
TCGA-55-7574-01A	8	108340755	108615032	0.4621
TCGA-55-7574-01A	8	108615454	108780359	0.1574
TCGA-55-7574-01A	8	108780542	110054165	0.0417
TCGA-55-7574-01A	8	110054765	111191830	0.3945
TCGA-55-7574-01A	8	111194826	111244905	0.0023
TCGA-55-7574-01A	8	111245751	111290954	0.437
TCGA-55-7574-01A	8	111291092	112310860	0.0238
TCGA-55-7574-01A	8	112319651	112373405	0.4701
TCGA-55-7574-01A	8	112376592	114223538	0.0814
TCGA-55-7574-01A	8	114226145	114516042	0.246
TCGA-55-7574-01A	8	114516114	114879397	0.4542
TCGA-55-7574-01A	8	114879450	115881602	0.1797
TCGA-55-7574-01A	8	115888184	116097420	0.5443
TCGA-55-7574-01A	8	116099307	116189002	0.1909
TCGA-55-7574-01A	8	116194157	116495249	0.5094
TCGA-55-7574-01A	8	116496912	116956373	0.1418
TCGA-55-7574-01A	8	116957693	118167803	0.0524
TCGA-55-7574-01A	8	118167910	118363424	0.1148
TCGA-55-7574-01A	8	118364750	118367001	-0.8511
TCGA-55-7574-01A	8	118367315	119870902	0.0703
TCGA-55-7574-01A	8	119877094	120486096	0.1651
TCGA-55-7574-01A	8	120486124	120561934	0.3374
TCGA-55-7574-01A	8	120562935	120671947	0.1675
TCGA-55-7574-01A	8	120672553	121857412	0.0756
TCGA-55-7574-01A	8	121857881	121964556	0.2265
TCGA-55-7574-01A	8	121964618	123151439	0.0547
TCGA-55-7574-01A	8	123153570	124637639	0.4183
TCGA-55-7574-01A	8	124638412	125076147	0.0741
TCGA-55-7574-01A	8	125076270	125519373	0.1636
TCGA-55-7574-01A	8	125522373	125916604	0.3726
TCGA-55-7574-01A	8	125926317	126075112	0.2357
TCGA-55-7574-01A	8	126075991	128721980	0.185
TCGA-55-7574-01A	8	128728852	129303900	0.0957
TCGA-55-7574-01A	8	129305373	129518081	0.1766
TCGA-55-7574-01A	8	129520840	133613487	0.2236
TCGA-55-7574-01A	8	133614531	133915145	0.327
TCGA-55-7574-01A	8	133915839	134241155	0.2221
TCGA-55-7574-01A	8	134241303	134770560	0.3355
TCGA-55-7574-01A	8	134770738	139537829	0.1392
TCGA-55-7574-01A	8	139538034	139692727	0.4678
TCGA-55-7574-01A	8	139698855	144182542	0.1245
TCGA-55-7574-01A	9	789794	7580824	-0.1117
TCGA-55-7574-01A	9	7580951	7582441	-2.2938
TCGA-55-7574-01A	9	7582673	25499530	-0.1112
TCGA-55-7574-01A	9	25499582	25568800	-0.044
TCGA-55-7574-01A	9	25568853	29072798	0.0935
TCGA-55-7574-01A	9	29074574	69184167	0.0052
TCGA-55-7574-01A	9	69184251	136451496	-0.0296
TCGA-55-7574-01A	9	136451637	138044505	0.0187
TCGA-55-7574-01A	10	366509	6088114	0.2779
TCGA-55-7574-01A	10	6091902	15981711	0.0575
TCGA-55-7574-01A	10	15985763	26903228	-0.0072
TCGA-55-7574-01A	10	26903285	30013385	0.1234
TCGA-55-7574-01A	10	30015670	42470188	0.2245
TCGA-55-7574-01A	10	42472862	44256871	-0.0434
TCGA-55-7574-01A	10	44256882	44636797	0.1043
TCGA-55-7574-01A	10	44636819	49419347	-0.03
TCGA-55-7574-01A	10	49419360	51551881	0.1357
TCGA-55-7574-01A	10	51551896	52462894	0.029
TCGA-55-7574-01A	10	52462940	64351045	-0.0351
TCGA-55-7574-01A	10	64351388	65767793	0.1047
TCGA-55-7574-01A	10	65768327	132477040	-0.0397
TCGA-55-7574-01A	10	132478841	133339993	0.089
TCGA-55-7574-01A	10	133344595	133411599	0.2726
TCGA-55-7574-01A	11	456012	456120	0.3765
TCGA-55-7574-01A	11	458784	43697551	-0.0453
TCGA-55-7574-01A	11	43702082	86265495	0.0945
TCGA-55-7574-01A	11	86280159	86933347	-0.0339
TCGA-55-7574-01A	11	86935851	134272740	0.0828
TCGA-55-7574-01A	12	780472	22818845	-0.0503
TCGA-55-7574-01A	12	22819005	24223577	0.1684
TCGA-55-7574-01A	12	24228563	27482662	0.2209
TCGA-55-7574-01A	12	27487410	27585273	0.1312
TCGA-55-7574-01A	12	27585501	31395454	0.0927
TCGA-55-7574-01A	12	31396468	132605822	0.0296
TCGA-55-7574-01A	13	18874255	114226675	-0.0604
TCGA-55-7574-01A	14	20033191	46628032	0.0714
TCGA-55-7574-01A	14	46628262	105533894	0.0349
TCGA-55-7574-01A	15	23437561	33439259	-0.0574
TCGA-55-7574-01A	15	33439301	101344124	-0.1105
TCGA-55-7574-01A	16	603333	51921301	-0.0597
TCGA-55-7574-01A	16	51921366	55748291	-0.0219
TCGA-55-7574-01A	16	55748327	56075789	-0.1916
TCGA-55-7574-01A	16	56083607	59297382	-0.0897
TCGA-55-7574-01A	16	59297998	59976132	-0.0217
TCGA-55-7574-01A	16	59986943	60736122	-0.1743
TCGA-55-7574-01A	16	60736808	82452051	-0.0309
TCGA-55-7574-01A	16	82452083	82457786	-0.5828
TCGA-55-7574-01A	16	82457921	89317317	-0.0403
TCGA-55-7574-01A	17	1074619	1121455	-0.0662
TCGA-55-7574-01A	17	1122457	1176906	-1.0894
TCGA-55-7574-01A	17	1189284	6186748	-0.112
TCGA-55-7574-01A	17	6188546	6190171	-1.3277
TCGA-55-7574-01A	17	6190510	21381827	-0.1074
TCGA-55-7574-01A	17	21382256	28562333	0.0203
TCGA-55-7574-01A	17	28563001	31515867	-0.0476
TCGA-55-7574-01A	17	31516237	35012844	-0.0039
TCGA-55-7574-01A	17	35014815	35027357	0.7266
TCGA-55-7574-01A	17	35032889	35602729	-0.0272
TCGA-55-7574-01A	17	35604029	35761786	0.6431
TCGA-55-7574-01A	17	35767008	35787263	-0.045
TCGA-55-7574-01A	17	35788328	35918805	0.3339
TCGA-55-7574-01A	17	35918838	82959812	-0.0177
TCGA-55-7574-01A	18	326691	9327028	-0.1511
TCGA-55-7574-01A	18	9329269	27719865	-0.0209
TCGA-55-7574-01A	18	27722095	79349796	-0.1667
TCGA-55-7574-01A	19	283868	23848413	-0.0136
TCGA-55-7574-01A	19	23848522	57608396	0.032
TCGA-55-7574-01A	19	57609841	58370362	6e-04
TCGA-55-7574-01A	20	472817	5259709	0.3439
TCGA-55-7574-01A	20	5259946	6234383	0.1941
TCGA-55-7574-01A	20	6236333	6237297	1.5277
TCGA-55-7574-01A	20	6240559	16942240	0.1946
TCGA-55-7574-01A	20	16942277	17353856	0.2832
TCGA-55-7574-01A	20	17354196	17355046	-0.1598
TCGA-55-7574-01A	20	17355703	20362184	0.3017
TCGA-55-7574-01A	20	20362433	25529510	0.4423
TCGA-55-7574-01A	20	25530168	31256170	0.3041
TCGA-55-7574-01A	20	31258478	32389227	-0.0611
TCGA-55-7574-01A	20	32395640	33337672	0.0645
TCGA-55-7574-01A	20	33337811	34143656	-0.0635
TCGA-55-7574-01A	20	34149661	35538364	0.6741
TCGA-55-7574-01A	20	35549938	35622264	0.1951
TCGA-55-7574-01A	20	35623371	35674089	0.9933
TCGA-55-7574-01A	20	35675580	35867190	8e-04
TCGA-55-7574-01A	20	35867735	35879547	0.6313
TCGA-55-7574-01A	20	35880086	36938528	-0.0489
TCGA-55-7574-01A	20	36941421	36944613	0.8764
TCGA-55-7574-01A	20	36945441	52808538	-0.0341
TCGA-55-7574-01A	20	52809434	53160856	0.697
TCGA-55-7574-01A	20	53165723	53422126	0.0396
TCGA-55-7574-01A	20	53424094	54273423	0.6425
TCGA-55-7574-01A	20	54274797	54700477	0.102
TCGA-55-7574-01A	20	54703182	54764564	-0.0792
TCGA-55-7574-01A	20	54767412	54798135	0.2018
TCGA-55-7574-01A	20	54801180	54826968	-0.0611
TCGA-55-7574-01A	20	54827024	54854044	0.2036
TCGA-55-7574-01A	20	54856895	54994747	-0.0486
TCGA-55-7574-01A	20	54995601	55043960	0.2548
TCGA-55-7574-01A	20	55051924	55174719	0.8513
TCGA-55-7574-01A	20	55175567	56987407	-0.0291
TCGA-55-7574-01A	20	56989636	57034945	0.6031
TCGA-55-7574-01A	20	57035479	63588502	-0.0365
TCGA-55-7574-01A	21	13974127	46262057	-0.0564
TCGA-55-7574-01A	22	16934932	17306946	-0.1216
TCGA-55-7574-01A	22	17307635	17318497	0.5922
TCGA-55-7574-01A	22	17318800	18083522	-0.1042
TCGA-55-7574-01A	22	18086778	18116004	0.4963
TCGA-55-7574-01A	22	18119261	21875921	-0.0955
TCGA-55-7574-01A	22	21881037	21928404	1.0017
TCGA-55-7574-01A	22	21935752	48940621	-0.1173
TCGA-55-7574-01A	X	3236359	51468923	-0.0596
TCGA-55-7574-01A	X	51472155	73745505	-0.0177
TCGA-55-7574-01A	X	73748301	77670071	0.0391
TCGA-55-7574-01A	X	77686290	86554995	-0.0228
TCGA-55-7574-01A	X	86555092	86693426	-0.0877
TCGA-55-7574-01A	X	86694211	89637421	0.051
TCGA-55-7574-01A	X	89651863	89652117	-1.042
TCGA-55-7574-01A	X	89655449	155677414	0.0501
TCGA-78-7153-01A	1	3301765	9140655	-0.1361
TCGA-78-7153-01A	1	9141435	11730630	-0.1912
TCGA-78-7153-01A	1	11732615	12254346	-0.0456
TCGA-78-7153-01A	1	12254938	17003654	-0.2363
TCGA-78-7153-01A	1	17010382	17159086	-0.0797
TCGA-78-7153-01A	1	17159158	17694296	-0.2417
TCGA-78-7153-01A	1	17699069	17937326	-0.0799
TCGA-78-7153-01A	1	17938244	18583743	-0.2483
TCGA-78-7153-01A	1	18587064	18859635	-0.0771
TCGA-78-7153-01A	1	18860632	23036684	-0.2189
TCGA-78-7153-01A	1	23044086	23757159	-0.3848
TCGA-78-7153-01A	1	23757290	24160596	-0.2252
TCGA-78-7153-01A	1	24161372	24773242	-0.0498
TCGA-78-7153-01A	1	24776120	25590751	-0.2522
TCGA-78-7153-01A	1	25591603	26181802	-0.0457
TCGA-78-7153-01A	1	26181880	26604847	-0.2107
TCGA-78-7153-01A	1	26605288	26767166	-0.0616
TCGA-78-7153-01A	1	26773169	27712636	-0.2856
TCGA-78-7153-01A	1	27718078	28402631	-0.1765
TCGA-78-7153-01A	1	28402782	28493835	-0.1011
TCGA-78-7153-01A	1	28495412	29209358	0.0866
TCGA-78-7153-01A	1	29209764	31148580	-0.0801
TCGA-78-7153-01A	1	31150820	31152499	-1.0454
TCGA-78-7153-01A	1	31152542	35140608	-0.0725
TCGA-78-7153-01A	1	35144061	36665850	-0.2205
TCGA-78-7153-01A	1	36670822	41601254	-0.3895
TCGA-78-7153-01A	1	41608234	42309922	-0.2137
TCGA-78-7153-01A	1	42313417	43222649	-0.4027
TCGA-78-7153-01A	1	43226355	43540981	-0.2114
TCGA-78-7153-01A	1	43543244	43989941	-0.3309
TCGA-78-7153-01A	1	43993713	46345355	-0.1905
TCGA-78-7153-01A	1	46347595	47180445	-0.0617
TCGA-78-7153-01A	1	47187626	65491413	-0.2321
TCGA-78-7153-01A	1	65491458	66084420	-0.0664
TCGA-78-7153-01A	1	66085226	73664608	-0.2323
TCGA-78-7153-01A	1	73664986	73671310	-1.534
TCGA-78-7153-01A	1	73673422	78489576	-0.2313
TCGA-78-7153-01A	1	78492055	78493178	-2.8004
TCGA-78-7153-01A	1	78493263	103255860	-0.2288
TCGA-78-7153-01A	1	103256871	104563876	-0.1135
TCGA-78-7153-01A	1	104563975	119984738	-0.2332
TCGA-78-7153-01A	1	119984772	186055511	0.3314
TCGA-78-7153-01A	1	186055873	200790806	0.3534
TCGA-78-7153-01A	1	200793746	235928641	0.3327
TCGA-78-7153-01A	1	235929546	243197166	0.2333
TCGA-78-7153-01A	1	243216040	243858479	0.3236
TCGA-78-7153-01A	1	243860365	245659597	0.2192
TCGA-78-7153-01A	1	245663056	247650984	0.3248
TCGA-78-7153-01A	2	480597	20110907	-0.1239
TCGA-78-7153-01A	2	20110942	20116445	-1.2722
TCGA-78-7153-01A	2	20119224	23745732	-0.1366
TCGA-78-7153-01A	2	23746504	97043979	-0.106
TCGA-78-7153-01A	2	97046705	98690041	0.045
TCGA-78-7153-01A	2	98692382	123123640	-0.1151
TCGA-78-7153-01A	2	123126362	123133483	-1.4709
TCGA-78-7153-01A	2	123135123	149779712	-0.1168
TCGA-78-7153-01A	2	149781830	150758639	0.0381
TCGA-78-7153-01A	2	150759336	152415934	-0.1035
TCGA-78-7153-01A	2	152416705	152417392	-1.3207
TCGA-78-7153-01A	2	152421482	165404280	-0.1098
TCGA-78-7153-01A	2	165404503	165602100	0.0394
TCGA-78-7153-01A	2	165603969	172037356	-0.105
TCGA-78-7153-01A	2	172037769	172043340	-1.4384
TCGA-78-7153-01A	2	172044021	176430031	-0.1007
TCGA-78-7153-01A	2	176430044	177391993	0.045
TCGA-78-7153-01A	2	177395746	214699599	-0.1092
TCGA-78-7153-01A	2	214699792	214699860	-1.8545
TCGA-78-7153-01A	2	214700252	241537572	-0.1184
TCGA-78-7153-01A	3	2170634	4546412	0.0328
TCGA-78-7153-01A	3	4546530	11180912	-0.131
TCGA-78-7153-01A	3	11182734	15431410	0.0202
TCGA-78-7153-01A	3	15433372	28620112	-0.1131
TCGA-78-7153-01A	3	28628062	42594649	0.0276
TCGA-78-7153-01A	3	42594739	47797207	-0.1016
TCGA-78-7153-01A	3	47797288	52401918	0.0365
TCGA-78-7153-01A	3	52402408	63370661	-0.1207
TCGA-78-7153-01A	3	63375820	72402305	0.0233
TCGA-78-7153-01A	3	72403302	82348461	-0.1138
TCGA-78-7153-01A	3	82352716	82706841	0.0374
TCGA-78-7153-01A	3	82707026	82709592	-1.3871
TCGA-78-7153-01A	3	82712909	100439467	0.0294
TCGA-78-7153-01A	3	100445793	123432315	-0.1107
TCGA-78-7153-01A	3	123434050	137568595	0.0176
TCGA-78-7153-01A	3	137568982	148266841	-0.1272
TCGA-78-7153-01A	3	148268082	151784741	0.0211
TCGA-78-7153-01A	3	151790048	151792254	0.9811
TCGA-78-7153-01A	3	151837466	154509098	0.0298
TCGA-78-7153-01A	3	154510096	161512633	-0.1131
TCGA-78-7153-01A	3	161530538	163576728	0.0345
TCGA-78-7153-01A	3	163577898	165304048	-0.1346
TCGA-78-7153-01A	3	165304486	172050857	0.0231
TCGA-78-7153-01A	3	172058108	179348367	-0.1194
TCGA-78-7153-01A	3	179349385	184909121	0.0254
TCGA-78-7153-01A	3	184912258	197812401	-0.1263
TCGA-78-7153-01A	4	1059384	17697158	0.1007
TCGA-78-7153-01A	4	17697557	20542169	0.0364
TCGA-78-7153-01A	4	20542430	24274916	-0.0836
TCGA-78-7153-01A	4	24276238	42633192	0.1145
TCGA-78-7153-01A	4	42634611	43632950	-0.0839
TCGA-78-7153-01A	4	43636533	43645636	-0.6625
TCGA-78-7153-01A	4	43648139	48067890	-0.0713
TCGA-78-7153-01A	4	51832470	65827469	0.0268
TCGA-78-7153-01A	4	65827934	93541206	-0.071
TCGA-78-7153-01A	4	93549668	180535451	0.0276
TCGA-78-7153-01A	4	180536246	187842528	-0.0954
TCGA-78-7153-01A	5	913983	17085931	0.1261
TCGA-78-7153-01A	5	17087250	167596996	0.1507
TCGA-78-7153-01A	5	167597414	180934240	0.1368
TCGA-78-7153-01A	6	1011760	61603245	-0.2409
TCGA-78-7153-01A	6	61607085	101337657	-0.4191
TCGA-78-7153-01A	6	101341710	101595078	-0.2373
TCGA-78-7153-01A	6	101595411	104306771	-0.4153
TCGA-78-7153-01A	6	104306959	104923404	-0.22
TCGA-78-7153-01A	6	104926731	105316393	-0.428
TCGA-78-7153-01A	6	105317099	106251083	-0.2388
TCGA-78-7153-01A	6	106252553	110568272	-0.4204
TCGA-78-7153-01A	6	110575827	110967329	-0.2011
TCGA-78-7153-01A	6	110972371	111219169	-0.3669
TCGA-78-7153-01A	6	111222209	112117487	-0.2298
TCGA-78-7153-01A	6	112119931	114216286	-0.4425
TCGA-78-7153-01A	6	114217819	115875075	-0.2188
TCGA-78-7153-01A	6	115875276	121442860	-0.4076
TCGA-78-7153-01A	6	121451837	123612580	-0.2288
TCGA-78-7153-01A	6	123615838	126388307	-0.4386
TCGA-78-7153-01A	6	126398081	127279485	-0.2497
TCGA-78-7153-01A	6	127280572	131146062	-0.4315
TCGA-78-7153-01A	6	131148321	132017061	-0.2554
TCGA-78-7153-01A	6	132017930	132023365	-0.9012
TCGA-78-7153-01A	6	132023923	133484429	-0.2552
TCGA-78-7153-01A	6	133484696	137181086	-0.4261
TCGA-78-7153-01A	6	137182224	137182318	-1.6391
TCGA-78-7153-01A	6	137182391	137218470	-0.4296
TCGA-78-7153-01A	6	137220093	138030741	-0.2275
TCGA-78-7153-01A	6	138031431	138690129	-0.4302
TCGA-78-7153-01A	6	138694181	144895740	-0.2377
TCGA-78-7153-01A	6	144896312	145645169	-0.4196
TCGA-78-7153-01A	6	145645950	149289660	-0.2436
TCGA-78-7153-01A	6	149290096	149775818	-0.3599
TCGA-78-7153-01A	6	149777401	150126724	-0.2724
TCGA-78-7153-01A	6	150128815	150978660	-0.4639
TCGA-78-7153-01A	6	150980815	159204849	-0.2512
TCGA-78-7153-01A	6	159205711	166739880	-0.4472
TCGA-78-7153-01A	6	166740983	166937632	-0.2502
TCGA-78-7153-01A	6	166937923	167041482	-0.4729
TCGA-78-7153-01A	6	167041651	170596889	-0.2695
TCGA-78-7153-01A	7	664936	158592540	0.0261
TCGA-78-7153-01A	8	667625	683110	0.3543
TCGA-78-7153-01A	8	683123	1944676	0.2123
TCGA-78-7153-01A	8	1945975	38147775	-0.4391
TCGA-78-7153-01A	8	38148460	47889485	0.1105
TCGA-78-7153-01A	8	47890318	55077310	-0.4375
TCGA-78-7153-01A	8	55079920	55106890	0.1532
TCGA-78-7153-01A	8	55109429	55110527	-0.7315
TCGA-78-7153-01A	8	55112855	55170215	0.1281
TCGA-78-7153-01A	8	55170264	58120833	-0.4528
TCGA-78-7153-01A	8	58125596	60872685	1.7139
TCGA-78-7153-01A	8	60872699	61188092	1.5506
TCGA-78-7153-01A	8	61188576	61309277	1.6474
TCGA-78-7153-01A	8	61311782	61354211	2.0359
TCGA-78-7153-01A	8	61355674	61786370	1.6311
TCGA-78-7153-01A	8	61787523	61791187	0.9933
TCGA-78-7153-01A	8	61792320	61919727	1.6731
TCGA-78-7153-01A	8	61923742	63730056	-0.4516
TCGA-78-7153-01A	8	63738428	63742114	2.321
TCGA-78-7153-01A	8	63746558	65208817	1.6276
TCGA-78-7153-01A	8	65209439	66574693	1.9185
TCGA-78-7153-01A	8	66580106	67525355	2.1178
TCGA-78-7153-01A	8	67525585	68424549	2.4679
TCGA-78-7153-01A	8	68429864	70040504	2.1846
TCGA-78-7153-01A	8	70041692	70042599	0.6405
TCGA-78-7153-01A	8	70048926	70049279	2.1799
TCGA-78-7153-01A	8	70050863	70051137	0.6025
TCGA-78-7153-01A	8	70051197	70249042	2.2744
TCGA-78-7153-01A	8	70255759	71573505	-0.4282
TCGA-78-7153-01A	8	71577457	71932860	2.0898
TCGA-78-7153-01A	8	71942536	73511742	1.8429
TCGA-78-7153-01A	8	73518790	75706475	2.0495
TCGA-78-7153-01A	8	75707520	79831035	-0.4405
TCGA-78-7153-01A	8	79831782	80605224	1.825
TCGA-78-7153-01A	8	80607569	81789187	1.5202
TCGA-78-7153-01A	8	81792363	82961334	1.1192
TCGA-78-7153-01A	8	82963337	84477752	0.998
TCGA-78-7153-01A	8	84483406	84487741	1.3601
TCGA-78-7153-01A	8	84496898	85098420	1.9244
TCGA-78-7153-01A	8	85098468	85435194	1.31
TCGA-78-7153-01A	8	85436543	85608821	0.9084
TCGA-78-7153-01A	8	85828731	86081616	1.1993
TCGA-78-7153-01A	8	86085982	86165151	0.748
TCGA-78-7153-01A	8	86168801	86693211	0.5821
TCGA-78-7153-01A	8	86697107	86755632	1.5096
TCGA-78-7153-01A	8	86760126	89664925	0.6154
TCGA-78-7153-01A	8	89669227	89722278	1.5257
TCGA-78-7153-01A	8	89730275	89905992	0.586
TCGA-78-7153-01A	8	89906275	90074849	0.8363
TCGA-78-7153-01A	8	90075615	90156947	1.7754
TCGA-78-7153-01A	8	90158431	90160753	1.54
TCGA-78-7153-01A	8	90163646	90174490	0.6876
TCGA-78-7153-01A	8	90174559	90942941	0.8318
TCGA-78-7153-01A	8	90945575	91366627	0.6268
TCGA-78-7153-01A	8	91367758	92450638	0.2814
TCGA-78-7153-01A	8	92453754	92748447	1.5582
TCGA-78-7153-01A	8	92753012	92760233	0.3731
TCGA-78-7153-01A	8	92761518	92809828	1.5798
TCGA-78-7153-01A	8	92810575	93527525	0.2845
TCGA-78-7153-01A	8	93532835	93535578	0.8298
TCGA-78-7153-01A	8	93536765	93655118	1.4645
TCGA-78-7153-01A	8	93659469	93663121	0.7146
TCGA-78-7153-01A	8	93663264	93767823	0.2011
TCGA-78-7153-01A	8	93771400	94398813	0.8757
TCGA-78-7153-01A	8	94406560	94533268	0.5558
TCGA-78-7153-01A	8	94535496	94673832	1.1054
TCGA-78-7153-01A	8	94673986	94692187	0.6954
TCGA-78-7153-01A	8	94693182	94744795	0.5317
TCGA-78-7153-01A	8	94745628	94799830	0.3372
TCGA-78-7153-01A	8	94800187	95779806	0.0381
TCGA-78-7153-01A	8	95779830	95793644	0.2168
TCGA-78-7153-01A	8	95795187	96348681	0.2993
TCGA-78-7153-01A	8	96349502	96366813	0.5404
TCGA-78-7153-01A	8	96367211	96410008	0.7324
TCGA-78-7153-01A	8	96410531	97246062	0.4504
TCGA-78-7153-01A	8	97246133	97281424	0.3347
TCGA-78-7153-01A	8	97282832	97287498	0.0038
TCGA-78-7153-01A	8	97287560	97307520	0.3434
TCGA-78-7153-01A	8	97309236	97318825	0.1052
TCGA-78-7153-01A	8	97318938	97339934	-0.2049
TCGA-78-7153-01A	8	97344123	97921508	0.0572
TCGA-78-7153-01A	8	97922490	98471738	1.4214
TCGA-78-7153-01A	8	98474411	98729556	0.3319
TCGA-78-7153-01A	8	98731022	99174425	1.4854
TCGA-78-7153-01A	8	99174884	102046373	0.2851
TCGA-78-7153-01A	8	102047031	102463763	1.4106
TCGA-78-7153-01A	8	102467192	102961465	0.287
TCGA-78-7153-01A	8	102961990	102962230	1.4416
TCGA-78-7153-01A	8	102963761	103673471	0.2773
TCGA-78-7153-01A	8	103675894	104142796	0.9234
TCGA-78-7153-01A	8	104143316	104572335	0.2777
TCGA-78-7153-01A	8	104574346	105240073	0.8964
TCGA-78-7153-01A	8	105241529	105291895	1.1243
TCGA-78-7153-01A	8	105293995	105965001	0.8865
TCGA-78-7153-01A	8	105971462	106948360	0.2959
TCGA-78-7153-01A	8	106949896	107162893	0.6468
TCGA-78-7153-01A	8	107163827	107183542	0.3139
TCGA-78-7153-01A	8	107184029	107575663	0.6012
TCGA-78-7153-01A	8	107590914	110317558	-0.4622
TCGA-78-7153-01A	8	110320119	115176434	0.2325
TCGA-78-7153-01A	8	115176581	115642922	0.8641
TCGA-78-7153-01A	8	115646004	115888184	0.9863
TCGA-78-7153-01A	8	115890115	116008200	0.1879
TCGA-78-7153-01A	8	116012792	117158236	1.47
TCGA-78-7153-01A	8	117162079	117271714	0.1597
TCGA-78-7153-01A	8	117273536	117358784	0.7739
TCGA-78-7153-01A	8	117372087	118138219	0.5921
TCGA-78-7153-01A	8	118139184	118462300	0.8937
TCGA-78-7153-01A	8	118473795	119096137	0.1948
TCGA-78-7153-01A	8	119098848	119098973	-1.4747
TCGA-78-7153-01A	8	119099172	119725923	0.2374
TCGA-78-7153-01A	8	119726136	120420186	-0.4336
TCGA-78-7153-01A	8	120420644	120799837	0.2426
TCGA-78-7153-01A	8	120800949	122062560	0.9623
TCGA-78-7153-01A	8	122071234	122586612	1.509
TCGA-78-7153-01A	8	122587530	122742105	0.2424
TCGA-78-7153-01A	8	122743218	122914763	1.3021
TCGA-78-7153-01A	8	122919163	122949559	0.2004
TCGA-78-7153-01A	8	122952191	122952579	1.6707
TCGA-78-7153-01A	8	122955586	123899247	0.205
TCGA-78-7153-01A	8	123903691	124851782	1.3394
TCGA-78-7153-01A	8	124852870	124886015	2.2662
TCGA-78-7153-01A	8	124886373	125623141	1.363
TCGA-78-7153-01A	8	125624530	125633393	2.3401
TCGA-78-7153-01A	8	125635245	125787341	1.2864
TCGA-78-7153-01A	8	125790939	126361875	0.1966
TCGA-78-7153-01A	8	126363670	126595777	1.3575
TCGA-78-7153-01A	8	126601689	127175953	1.5183
TCGA-78-7153-01A	8	127177129	128020371	2.324
TCGA-78-7153-01A	8	128020402	128207559	2.1381
TCGA-78-7153-01A	8	128207919	129364814	2.4028
TCGA-78-7153-01A	8	129370767	129760378	0.938
TCGA-78-7153-01A	8	129761605	129778804	1.5098
TCGA-78-7153-01A	8	129835929	129907336	0.9905
TCGA-78-7153-01A	8	129909567	130166585	1.4865
TCGA-78-7153-01A	8	130166856	131145550	1.6651
TCGA-78-7153-01A	8	131145702	132491112	1.5016
TCGA-78-7153-01A	8	132491254	132832154	1.6666
TCGA-78-7153-01A	8	132832263	133051287	1.4132
TCGA-78-7153-01A	8	133051705	133355962	1.5881
TCGA-78-7153-01A	8	133356965	133990986	1.8112
TCGA-78-7153-01A	8	133991300	133995509	2.3235
TCGA-78-7153-01A	8	134000605	134096750	1.9228
TCGA-78-7153-01A	8	134096857	134103285	2.4039
TCGA-78-7153-01A	8	134103596	134389167	1.791
TCGA-78-7153-01A	8	134391401	134395243	0.5604
TCGA-78-7153-01A	8	134395537	136084168	1.7538
TCGA-78-7153-01A	8	136088189	136211134	2.0987
TCGA-78-7153-01A	8	136211657	136541467	1.8242
TCGA-78-7153-01A	8	136543685	136627456	1.6378
TCGA-78-7153-01A	8	136632652	137971307	1.1765
TCGA-78-7153-01A	8	137972845	138390576	1.2805
TCGA-78-7153-01A	8	138393720	139173389	1.1379
TCGA-78-7153-01A	8	139173961	139551000	1.2483
TCGA-78-7153-01A	8	139551067	140055634	1.1658
TCGA-78-7153-01A	8	140055665	142996344	1.5054
TCGA-78-7153-01A	8	142997359	143665147	1.3196
TCGA-78-7153-01A	8	143667308	144182542	0.9207
TCGA-78-7153-01A	9	789794	138044505	0.0171
TCGA-78-7153-01A	10	366509	133411599	0.0702
TCGA-78-7153-01A	11	456012	20922448	0.0085
TCGA-78-7153-01A	11	20923221	112428495	0.0199
TCGA-78-7153-01A	11	112429121	134272740	0.0075
TCGA-78-7153-01A	12	780472	6129984	-0.1409
TCGA-78-7153-01A	12	6139917	17103297	-0.2912
TCGA-78-7153-01A	12	17103566	104538753	-0.1241
TCGA-78-7153-01A	12	104539603	106073878	-0.1755
TCGA-78-7153-01A	12	106074975	114148512	-0.1167
TCGA-78-7153-01A	12	114148901	116704333	-0.1688
TCGA-78-7153-01A	12	116704633	124147051	-0.1185
TCGA-78-7153-01A	12	124149037	132605822	-0.1555
TCGA-78-7153-01A	13	18874255	60014943	0.0051
TCGA-78-7153-01A	13	60016416	62026013	0.1368
TCGA-78-7153-01A	13	62031012	114226675	0.0042
TCGA-78-7153-01A	14	20033191	33032111	0.0322
TCGA-78-7153-01A	14	33032572	33293938	-0.0883
TCGA-78-7153-01A	14	33294199	36785954	0.0253
TCGA-78-7153-01A	14	36787564	37279757	0.1579
TCGA-78-7153-01A	14	37280965	77832389	0.0353
TCGA-78-7153-01A	14	77834208	85087609	0.0163
TCGA-78-7153-01A	14	85088719	85093496	-1.0508
TCGA-78-7153-01A	14	85096570	105533894	0.0128
TCGA-78-7153-01A	15	23437561	40353678	-0.2375
TCGA-78-7153-01A	15	40356548	47108557	-0.2
TCGA-78-7153-01A	15	47109295	56161993	-0.2267
TCGA-78-7153-01A	15	56163660	56460237	-0.0455
TCGA-78-7153-01A	15	56460292	56740578	-0.2236
TCGA-78-7153-01A	15	56748029	57341120	-0.0595
TCGA-78-7153-01A	15	57342213	68887823	-0.2221
TCGA-78-7153-01A	15	68890387	69066273	-0.0174
TCGA-78-7153-01A	15	69066913	71547967	-0.2145
TCGA-78-7153-01A	15	71548209	75628010	-0.059
TCGA-78-7153-01A	15	75629901	101344124	-0.232
TCGA-78-7153-01A	16	603333	89317317	0.0249
TCGA-78-7153-01A	17	1074619	82959812	0.0388
TCGA-78-7153-01A	18	326691	31838382	0.0161
TCGA-78-7153-01A	18	31841681	32036716	0.347
TCGA-78-7153-01A	18	32037292	75487736	0.0172
TCGA-78-7153-01A	18	75491958	75502154	-0.7368
TCGA-78-7153-01A	18	75503528	79349796	0.0023
TCGA-78-7153-01A	19	283868	715430	-0.1298
TCGA-78-7153-01A	19	750173	1525886	-0.4937
TCGA-78-7153-01A	19	1530034	28314261	-0.0817
TCGA-78-7153-01A	19	28314296	32376448	-0.141
TCGA-78-7153-01A	19	32380558	58370362	-0.0837
TCGA-78-7153-01A	20	472817	46207592	0.0088
TCGA-78-7153-01A	20	46214022	47842602	1.6303
TCGA-78-7153-01A	20	47842832	48071142	1.8905
TCGA-78-7153-01A	20	48074361	58132359	0.005
TCGA-78-7153-01A	20	58133236	58134135	0.9157
TCGA-78-7153-01A	20	58134234	59219198	1.6317
TCGA-78-7153-01A	20	59219478	59415410	1.9423
TCGA-78-7153-01A	20	59415792	59694973	1.6942
TCGA-78-7153-01A	20	59696466	60425271	1.3564
TCGA-78-7153-01A	20	60427838	60489786	1.6838
TCGA-78-7153-01A	20	60491123	60584394	1.9336
TCGA-78-7153-01A	20	60590613	60627719	1.5351
TCGA-78-7153-01A	20	60628885	60892575	0.8683
TCGA-78-7153-01A	20	60892771	61382827	0.9847
TCGA-78-7153-01A	20	61382853	62135463	0.8211
TCGA-78-7153-01A	20	62135753	62250539	1.0836
TCGA-78-7153-01A	20	62251711	63280480	0.8623
TCGA-78-7153-01A	20	63285889	63588502	1.1415
TCGA-78-7153-01A	21	13974127	46262057	-0.2812
TCGA-78-7153-01A	22	16934932	28938612	0.0153
TCGA-78-7153-01A	22	28939581	28941535	-1.0764
TCGA-78-7153-01A	22	28942247	36460761	0.0091
TCGA-78-7153-01A	22	36462582	43905572	0.0447
TCGA-78-7153-01A	22	43905879	48940621	0.0051
TCGA-78-7153-01A	X	3236359	123118595	0.0079
TCGA-78-7153-01A	X	123120613	155677414	-0.0122
TCGA-86-8280-01A	1	3301765	10920523	0.2551
TCGA-86-8280-01A	1	10923173	10924349	-0.9601
TCGA-86-8280-01A	1	10931159	15544008	0.2554
TCGA-86-8280-01A	1	15544659	57018014	0.1797
TCGA-86-8280-01A	1	57018990	149963240	0.2085
TCGA-86-8280-01A	1	149966299	170434190	0.2784
TCGA-86-8280-01A	1	170437221	170438631	-2.0747
TCGA-86-8280-01A	1	170439564	187637999	0.2792
TCGA-86-8280-01A	1	187638091	198347569	0.304
TCGA-86-8280-01A	1	198347817	212486312	0.2689
TCGA-86-8280-01A	1	212486330	214377933	0.2943
TCGA-86-8280-01A	1	214378800	214383403	-0.6604
TCGA-86-8280-01A	1	214384513	222166362	0.298
TCGA-86-8280-01A	1	222167219	237329010	0.2706
TCGA-86-8280-01A	1	237335186	242237961	0.3089
TCGA-86-8280-01A	1	242238573	247650984	0.2837
TCGA-86-8280-01A	2	480597	136505700	-0.0533
TCGA-86-8280-01A	2	136506069	214622815	-0.0419
TCGA-86-8280-01A	2	214625971	241537572	-0.0608
TCGA-86-8280-01A	3	2170634	8578488	-0.1145
TCGA-86-8280-01A	3	8578536	17376885	-0.1427
TCGA-86-8280-01A	3	17377255	26618433	-0.1115
TCGA-86-8280-01A	3	26621401	26625263	-1.5939
TCGA-86-8280-01A	3	26635768	37534350	-0.1098
TCGA-86-8280-01A	3	37535494	53762307	-0.1378
TCGA-86-8280-01A	3	53764416	53806638	0.1616
TCGA-86-8280-01A	3	53807244	72945443	-0.1221
TCGA-86-8280-01A	3	72946391	107555208	-0.1021
TCGA-86-8280-01A	3	107556624	107556784	-1.6332
TCGA-86-8280-01A	3	107559306	117019549	-0.1069
TCGA-86-8280-01A	3	117021777	117022654	-1.1012
TCGA-86-8280-01A	3	117022892	119374699	-0.0944
TCGA-86-8280-01A	3	119380456	142560988	-0.1315
TCGA-86-8280-01A	3	142563663	179569166	-0.1091
TCGA-86-8280-01A	3	179569218	197812401	-0.1248
TCGA-86-8280-01A	4	1059384	10360277	-0.0538
TCGA-86-8280-01A	4	10372186	111291050	-0.0223
TCGA-86-8280-01A	4	111291686	111295645	-1.9763
TCGA-86-8280-01A	4	111296654	187842528	-0.0192
TCGA-86-8280-01A	5	913983	943163	0.0249
TCGA-86-8280-01A	5	943212	10672639	0.256
TCGA-86-8280-01A	5	10672814	10676580	-1.0806
TCGA-86-8280-01A	5	10676695	45040363	0.2547
TCGA-86-8280-01A	5	45043500	52848484	0.1579
TCGA-86-8280-01A	5	52850957	83657773	0.1266
TCGA-86-8280-01A	5	83659672	131268363	0.1369
TCGA-86-8280-01A	5	131277559	160573812	0.1184
TCGA-86-8280-01A	5	160573955	168307222	0.144
TCGA-86-8280-01A	5	168308402	176955177	0.1135
TCGA-86-8280-01A	5	176955690	180934240	0.1916
TCGA-86-8280-01A	6	1011760	1242322	0.2507
TCGA-86-8280-01A	6	1248427	1565362	0.146
TCGA-86-8280-01A	6	1568783	2424709	0.2882
TCGA-86-8280-01A	6	2426135	5512561	0.0989
TCGA-86-8280-01A	6	5513107	10217498	-0.0667
TCGA-86-8280-01A	6	10217556	13085103	0.1029
TCGA-86-8280-01A	6	13085650	23337616	-0.07
TCGA-86-8280-01A	6	23337783	25418866	0.113
TCGA-86-8280-01A	6	25418908	28722561	0.2338
TCGA-86-8280-01A	6	28727891	40760865	0.3684
TCGA-86-8280-01A	6	40763869	44815958	0.492
TCGA-86-8280-01A	6	44819889	45258024	0.4014
TCGA-86-8280-01A	6	45267289	46490099	0.2268
TCGA-86-8280-01A	6	46493014	48344616	0.2778
TCGA-86-8280-01A	6	48346201	48791663	0.1523
TCGA-86-8280-01A	6	48792071	50007551	0.1204
TCGA-86-8280-01A	6	50007621	51459503	-0.0594
TCGA-86-8280-01A	6	51460016	55331757	0.1053
TCGA-86-8280-01A	6	55331789	55486484	-0.0383
TCGA-86-8280-01A	6	55487262	55496594	0.1856
TCGA-86-8280-01A	6	55496756	57341432	-0.0548
TCGA-86-8280-01A	6	57341496	61699774	0.1338
TCGA-86-8280-01A	6	61823500	64893923	-0.0833
TCGA-86-8280-01A	6	64901619	170596889	-0.125
TCGA-86-8280-01A	7	664936	63860912	0.3508
TCGA-86-8280-01A	7	63861658	77952948	0.4892
TCGA-86-8280-01A	7	77953149	80964225	0.5387
TCGA-86-8280-01A	7	80966075	80988722	-0.0507
TCGA-86-8280-01A	7	80990291	91596584	0.5351
TCGA-86-8280-01A	7	91599247	93693741	0.5038
TCGA-86-8280-01A	7	93695448	93708477	-0.2961
TCGA-86-8280-01A	7	93709455	158592540	0.5082
TCGA-86-8280-01A	8	667625	1274284	-0.2341
TCGA-86-8280-01A	8	1276530	2003942	-0.0303
TCGA-86-8280-01A	8	2004009	2124168	-0.2966
TCGA-86-8280-01A	8	2124469	2988492	-0.0892
TCGA-86-8280-01A	8	2988829	3690728	-0.2349
TCGA-86-8280-01A	8	3797835	5086575	-0.1477
TCGA-86-8280-01A	8	5088935	5262955	0.0171
TCGA-86-8280-01A	8	5262981	6765099	-0.1481
TCGA-86-8280-01A	8	6765164	23447335	-0.2514
TCGA-86-8280-01A	8	23452401	23541068	0.1497
TCGA-86-8280-01A	8	23544557	38248363	-0.2499
TCGA-86-8280-01A	8	38248399	43078229	-0.1304
TCGA-86-8280-01A	8	43080575	47974544	0.1574
TCGA-86-8280-01A	8	47976733	82575011	0.0571
TCGA-86-8280-01A	8	82575204	83698786	0.16
TCGA-86-8280-01A	8	83701510	86165151	0.0655
TCGA-86-8280-01A	8	86168801	89276934	0.1525
TCGA-86-8280-01A	8	89277097	98439639	0.2152
TCGA-86-8280-01A	8	98440976	99410371	0.1336
TCGA-86-8280-01A	8	99410805	109309824	0.0709
TCGA-86-8280-01A	8	109310256	110391179	0.1433
TCGA-86-8280-01A	8	110391631	114897691	0.1736
TCGA-86-8280-01A	8	114897769	116163785	0.2536
TCGA-86-8280-01A	8	116163988	116723268	0.1462
TCGA-86-8280-01A	8	116724156	116974915	0.2707
TCGA-86-8280-01A	8	116978485	117330381	0.1664
TCGA-86-8280-01A	8	117335023	118118450	0.3095
TCGA-86-8280-01A	8	118120143	119370617	0.1916
TCGA-86-8280-01A	8	119371790	119560645	0.1406
TCGA-86-8280-01A	8	119561123	119732362	0.0292
TCGA-86-8280-01A	8	119733435	120716829	0.1723
TCGA-86-8280-01A	8	120718124	125448293	0.0806
TCGA-86-8280-01A	8	125450156	125458575	-0.5646
TCGA-86-8280-01A	8	125459528	125808153	0.0496
TCGA-86-8280-01A	8	125809242	127040075	0.133
TCGA-86-8280-01A	8	127040188	130761134	0.0518
TCGA-86-8280-01A	8	130762522	131244697	0.1799
TCGA-86-8280-01A	8	131245720	131657584	0.046
TCGA-86-8280-01A	8	131658234	137208706	0.1486
TCGA-86-8280-01A	8	137208724	137209291	-1.0735
TCGA-86-8280-01A	8	137212403	143601764	0.1396
TCGA-86-8280-01A	8	143604922	144182542	0.0322
TCGA-86-8280-01A	9	789794	9232141	-0.1161
TCGA-86-8280-01A	9	9232365	9497457	-0.3724
TCGA-86-8280-01A	9	9502693	9581692	-0.0729
TCGA-86-8280-01A	9	9582128	10373948	-0.329
TCGA-86-8280-01A	9	10504304	10764097	0.0264
TCGA-86-8280-01A	9	10774154	21224147	-0.3363
TCGA-86-8280-01A	9	21226818	23984547	-0.6356
TCGA-86-8280-01A	9	23988397	30289313	-0.3426
TCGA-86-8280-01A	9	30291815	30636367	-0.2575
TCGA-86-8280-01A	9	30636430	30997352	0.1143
TCGA-86-8280-01A	9	30998680	35848639	-0.1218
TCGA-86-8280-01A	9	35849184	36503258	0.0417
TCGA-86-8280-01A	9	36504533	38561296	-0.1355
TCGA-86-8280-01A	9	38566839	68423153	0.1083
TCGA-86-8280-01A	9	68424128	68459935	-0.1318
TCGA-86-8280-01A	9	68460141	101386281	-0.2022
TCGA-86-8280-01A	9	101386963	106721236	-0.174
TCGA-86-8280-01A	9	106724098	120937631	-0.2109
TCGA-86-8280-01A	9	120938501	138044505	-0.2448
TCGA-86-8280-01A	10	366509	33286032	-0.1449
TCGA-86-8280-01A	10	33287904	33631689	-0.3768
TCGA-86-8280-01A	10	33635014	52058254	-0.1494
TCGA-86-8280-01A	10	52058737	66898232	-0.1246
TCGA-86-8280-01A	10	66900688	133411599	-0.1491
TCGA-86-8280-01A	11	456012	2643310	-0.308
TCGA-86-8280-01A	11	2648893	2860483	-0.0017
TCGA-86-8280-01A	11	2871282	3037104	-0.3321
TCGA-86-8280-01A	11	3039495	6690196	0.0211
TCGA-86-8280-01A	11	6690582	7654788	0.2017
TCGA-86-8280-01A	11	7657769	8116185	-0.0571
TCGA-86-8280-01A	11	8119240	17802673	0.1852
TCGA-86-8280-01A	11	17807383	20877204	-0.0645
TCGA-86-8280-01A	11	20877617	22079613	0.0673
TCGA-86-8280-01A	11	22081805	22828696	-0.0248
TCGA-86-8280-01A	11	22832005	24628805	0.1386
TCGA-86-8280-01A	11	24629272	25021652	0.3161
TCGA-86-8280-01A	11	25026033	25086309	0.1802
TCGA-86-8280-01A	11	25089919	25112297	-0.86
TCGA-86-8280-01A	11	25274907	25672467	0.2129
TCGA-86-8280-01A	11	25672630	26257380	0.4071
TCGA-86-8280-01A	11	26258470	27053875	0.2851
TCGA-86-8280-01A	11	27053922	27182960	0.2272
TCGA-86-8280-01A	11	27183350	31720737	0.1248
TCGA-86-8280-01A	11	31724142	31965838	-0.1921
TCGA-86-8280-01A	11	31966532	32156576	0.0311
TCGA-86-8280-01A	11	32156851	33463183	0.3066
TCGA-86-8280-01A	11	33463228	33559607	-0.1121
TCGA-86-8280-01A	11	33561446	33901126	-0.3839
TCGA-86-8280-01A	11	33902276	33904906	-1.5727
TCGA-86-8280-01A	11	33905483	34517457	-0.3646
TCGA-86-8280-01A	11	34519102	34926330	-0.513
TCGA-86-8280-01A	11	34926376	35171082	-0.3578
TCGA-86-8280-01A	11	35171460	35339511	-0.0991
TCGA-86-8280-01A	11	35340764	36564841	-0.0503
TCGA-86-8280-01A	11	36565467	37644100	-0.1429
TCGA-86-8280-01A	11	37645912	44747482	0.1213
TCGA-86-8280-01A	11	44749383	46386919	-0.1703
TCGA-86-8280-01A	11	46387761	56247303	0.1125
TCGA-86-8280-01A	11	56249017	64828200	-0.1591
TCGA-86-8280-01A	11	65902628	70335370	0.0906
TCGA-86-8280-01A	11	70336138	79305315	-0.172
TCGA-86-8280-01A	11	79306220	134272740	0.1163
TCGA-86-8280-01A	12	780472	4294878	0.0818
TCGA-86-8280-01A	12	4295022	6427703	0.2797
TCGA-86-8280-01A	12	6427959	6703904	0.0725
TCGA-86-8280-01A	12	6718148	7433999	0.2882
TCGA-86-8280-01A	12	7437944	7993566	0.0982
TCGA-86-8280-01A	12	7994093	9253486	0.2868
TCGA-86-8280-01A	12	9590931	22256199	0.1129
TCGA-86-8280-01A	12	22260703	22957313	0.2846
TCGA-86-8280-01A	12	22959973	27369401	0.1281
TCGA-86-8280-01A	12	27369833	29024787	0.2926
TCGA-86-8280-01A	12	29025682	29898089	0.1153
TCGA-86-8280-01A	12	29898123	29900209	-1.0415
TCGA-86-8280-01A	12	29905442	30034444	0.1132
TCGA-86-8280-01A	12	30035914	31072624	0.2754
TCGA-86-8280-01A	12	31072706	31923889	0.4411
TCGA-86-8280-01A	12	31925000	33368216	0.2743
TCGA-86-8280-01A	12	38827290	44752819	-0.1274
TCGA-86-8280-01A	12	44753112	57866525	-0.1611
TCGA-86-8280-01A	12	57866818	101722827	-0.1302
TCGA-86-8280-01A	12	101726844	132605822	-0.1565
TCGA-86-8280-01A	13	18874255	37812627	-0.3881
TCGA-86-8280-01A	13	37815776	52903689	-0.3603
TCGA-86-8280-01A	13	52904796	94147517	-0.3329
TCGA-86-8280-01A	13	94147720	109316024	-0.3503
TCGA-86-8280-01A	13	109316933	113664174	-0.3907
TCGA-86-8280-01A	13	113877048	114115637	0.417
TCGA-86-8280-01A	13	114116413	114226675	0.044
TCGA-86-8280-01A	14	20033191	23611141	0.0563
TCGA-86-8280-01A	14	23614713	23688425	0.4074
TCGA-86-8280-01A	14	23689298	25966268	0.0536
TCGA-86-8280-01A	14	25966313	26612880	0.4708
TCGA-86-8280-01A	14	26617627	26852875	0.0892
TCGA-86-8280-01A	14	26856109	28279122	0.4224
TCGA-86-8280-01A	14	28279853	30136370	0.0888
TCGA-86-8280-01A	14	30137993	33047129	0.4662
TCGA-86-8280-01A	14	33047777	34634943	0.0851
TCGA-86-8280-01A	14	34704418	35415835	0.4581
TCGA-86-8280-01A	14	35417749	35649142	0.0866
TCGA-86-8280-01A	14	35654078	36853325	0.4412
TCGA-86-8280-01A	14	36857625	38140837	0.1125
TCGA-86-8280-01A	14	38141158	38462128	0.498
TCGA-86-8280-01A	14	38462135	38462499	0.049
TCGA-86-8280-01A	14	38462510	39707622	0.493
TCGA-86-8280-01A	14	39707639	53529872	0.1156
TCGA-86-8280-01A	14	53531834	53908760	0.4937
TCGA-86-8280-01A	14	53912494	55869927	0.1005
TCGA-86-8280-01A	14	55873273	55874329	-0.9202
TCGA-86-8280-01A	14	55874362	57716531	0.0911
TCGA-86-8280-01A	14	57717107	57900512	0.4179
TCGA-86-8280-01A	14	57902171	61479247	0.0875
TCGA-86-8280-01A	14	61479521	61662735	0.4407
TCGA-86-8280-01A	14	61666394	69856970	0.0675
TCGA-86-8280-01A	14	69862199	70291062	0.4442
TCGA-86-8280-01A	14	70291440	82760984	0.0585
TCGA-86-8280-01A	14	82762039	82762205	-1.2794
TCGA-86-8280-01A	14	82769028	83205008	0.0957
TCGA-86-8280-01A	14	83207043	83344390	0.4917
TCGA-86-8280-01A	14	83353403	83980513	0.0987
TCGA-86-8280-01A	14	83980949	84066593	0.5203
TCGA-86-8280-01A	14	84067219	90425490	0.0856
TCGA-86-8280-01A	14	90429740	90664763	0.4462
TCGA-86-8280-01A	14	90665178	91172476	0.0605
TCGA-86-8280-01A	14	91175890	91871520	0.4003
TCGA-86-8280-01A	14	91871533	93029243	0.0765
TCGA-86-8280-01A	14	93038834	93369294	0.4805
TCGA-86-8280-01A	14	93373847	105533894	0.0754
TCGA-86-8280-01A	15	23437561	54169026	0.0182
TCGA-86-8280-01A	15	54171962	93806223	1e-04
TCGA-86-8280-01A	15	93808448	98561103	0.0241
TCGA-86-8280-01A	15	98562778	98562880	-1.2145
TCGA-86-8280-01A	15	98563993	101344124	-0.0111
TCGA-86-8280-01A	16	603333	31841585	0.1358
TCGA-86-8280-01A	16	46470502	48988479	0.2583
TCGA-86-8280-01A	16	48990279	57108778	0.1377
TCGA-86-8280-01A	16	57112134	58208110	0.026
TCGA-86-8280-01A	16	58210562	61419670	0.114
TCGA-86-8280-01A	16	61419705	64400949	0.0047
TCGA-86-8280-01A	16	64408557	67554220	0.1343
TCGA-86-8280-01A	16	67555815	68899422	0.0543
TCGA-86-8280-01A	16	68899727	71683481	0.1258
TCGA-86-8280-01A	16	71683502	77229820	2e-04
TCGA-86-8280-01A	16	77234610	77325082	-1.2202
TCGA-86-8280-01A	16	77327146	77563944	-0.0062
TCGA-86-8280-01A	16	77564728	77564933	-0.7816
TCGA-86-8280-01A	16	77565832	78580941	-0.0201
TCGA-86-8280-01A	16	78584034	81136786	0.0918
TCGA-86-8280-01A	16	81139057	85672644	0.0276
TCGA-86-8280-01A	16	85672958	86627032	0.0875
TCGA-86-8280-01A	16	86630887	89317317	-0.0307
TCGA-86-8280-01A	17	1074619	50536476	-0.1317
TCGA-86-8280-01A	17	50539970	72281433	-0.1126
TCGA-86-8280-01A	17	72281791	82959812	-0.1339
TCGA-86-8280-01A	18	326691	79349796	-0.4673
TCGA-86-8280-01A	19	283868	4182942	-0.3683
TCGA-86-8280-01A	19	4183310	4186146	-1.4595
TCGA-86-8280-01A	19	4194093	23870190	-0.3413
TCGA-86-8280-01A	19	23872082	33499616	0.0183
TCGA-86-8280-01A	19	33500606	33506726	-1.6355
TCGA-86-8280-01A	19	33507738	35358269	0.0205
TCGA-86-8280-01A	19	35389988	35391557	-1.3145
TCGA-86-8280-01A	19	35391585	58370362	0.0079
TCGA-86-8280-01A	20	472817	6955493	-0.1549
TCGA-86-8280-01A	20	7136070	9183472	0.3238
TCGA-86-8280-01A	20	9281153	15182862	-0.1271
TCGA-86-8280-01A	20	15184878	16943452	0.1247
TCGA-86-8280-01A	20	16946394	18173585	-0.1343
TCGA-86-8280-01A	20	18184239	21111970	0.3042
TCGA-86-8280-01A	20	21112347	21877913	-0.1193
TCGA-86-8280-01A	20	21882591	21884524	-1.3093
TCGA-86-8280-01A	20	21886662	22449712	-0.1249
TCGA-86-8280-01A	20	22449889	26215232	0.2966
TCGA-86-8280-01A	20	26215250	41240332	0.132
TCGA-86-8280-01A	20	41240710	43845635	0.2944
TCGA-86-8280-01A	20	43846019	45686961	0.1208
TCGA-86-8280-01A	20	45687708	47017631	0.2883
TCGA-86-8280-01A	20	47018264	49427273	0.1349
TCGA-86-8280-01A	20	49427654	51033052	-0.0511
TCGA-86-8280-01A	20	51033173	52456081	0.1689
TCGA-86-8280-01A	20	52459229	54675825	0.2872
TCGA-86-8280-01A	20	54676668	55493641	-0.1137
TCGA-86-8280-01A	20	55497046	63588502	0.2988
TCGA-86-8280-01A	21	13974127	14450086	-0.1939
TCGA-86-8280-01A	21	14451045	15581792	0.0707
TCGA-86-8280-01A	21	15781618	15791974	-0.1326
TCGA-86-8280-01A	21	15792925	22086800	-0.2294
TCGA-86-8280-01A	21	22090761	27463280	-0.0162
TCGA-86-8280-01A	21	27463377	27923210	-0.2357
TCGA-86-8280-01A	21	27927059	28021488	0.0465
TCGA-86-8280-01A	21	28029028	28803305	-0.2603
TCGA-86-8280-01A	21	28805561	33998187	-0.0367
TCGA-86-8280-01A	21	34009701	37158109	0.137
TCGA-86-8280-01A	21	37167615	45210127	0.2163
TCGA-86-8280-01A	21	45214352	46262057	0.1747
TCGA-86-8280-01A	22	16934932	48940621	0.1273
TCGA-86-8280-01A	X	3236359	23626954	-0.0281
TCGA-86-8280-01A	X	23627439	23646318	0.5158
TCGA-86-8280-01A	X	23652056	23658775	-0.2418
TCGA-86-8280-01A	X	23661055	37518742	-0.0087
TCGA-86-8280-01A	X	37520412	64646683	-0.0401
TCGA-86-8280-01A	X	64650642	64667029	-1.2546
TCGA-86-8280-01A	X	64673407	104825731	-0.0188
TCGA-86-8280-01A	X	104831419	104831711	-1.8587
TCGA-86-8280-01A	X	104836646	109925510	-0.0311
TCGA-86-8280-01A	X	109926678	109927193	-1.5106
TCGA-86-8280-01A	X	109928957	124069897	-0.0229
TCGA-86-8280-01A	X	124070636	127266000	0.0646
TCGA-86-8280-01A	X	127268334	127348229	0.3137
TCGA-86-8280-01A	X	127349656	133508173	0.1172
TCGA-86-8280-01A	X	133511171	137335063	0.1797
TCGA-86-8280-01A	X	137335429	138200255	0.0589
TCGA-86-8280-01A	X	138204814	145225241	0.1036
TCGA-86-8280-01A	X	145225308	155677414	0.0578
TCGA-86-7954-01A	1	3301765	20413212	0.1072
TCGA-86-7954-01A	1	20414581	63673670	0.0884
TCGA-86-7954-01A	1	63676037	64457964	0.1144
TCGA-86-7954-01A	1	64459577	111484555	0.0698
TCGA-86-7954-01A	1	111485317	149913375	0.0919
TCGA-86-7954-01A	1	149914031	153240302	0.3417
TCGA-86-7954-01A	1	153242048	153259007	-0.1234
TCGA-86-7954-01A	1	153272606	182683528	0.3471
TCGA-86-7954-01A	1	182683714	199168323	0.3216
TCGA-86-7954-01A	1	199168602	201504519	0.3503
TCGA-86-7954-01A	1	201505272	201505416	-0.8037
TCGA-86-7954-01A	1	201506092	228705524	0.3525
TCGA-86-7954-01A	1	228713161	228717918	-1.2175
TCGA-86-7954-01A	1	228721336	247650984	0.3501
TCGA-86-7954-01A	2	480597	34161126	0.093
TCGA-86-7954-01A	2	34161590	43508523	0.0798
TCGA-86-7954-01A	2	43509924	43516346	-0.8392
TCGA-86-7954-01A	2	43518381	45542031	0.0964
TCGA-86-7954-01A	2	45542832	45543255	-0.8219
TCGA-86-7954-01A	2	45545586	118298249	0.0798
TCGA-86-7954-01A	2	118307138	123484614	0.0953
TCGA-86-7954-01A	2	123484634	123602963	-1.4327
TCGA-86-7954-01A	2	123602994	141457240	0.069
TCGA-86-7954-01A	2	141459911	141693854	-0.2893
TCGA-86-7954-01A	2	141697644	194039367	0.0654
TCGA-86-7954-01A	2	194043206	212239142	-0.2033
TCGA-86-7954-01A	2	212241676	212579918	-0.4035
TCGA-86-7954-01A	2	212581366	212601283	-0.6787
TCGA-86-7954-01A	2	212603538	212618057	-1.2759
TCGA-86-7954-01A	2	212618071	213051024	-0.6824
TCGA-86-7954-01A	2	213051209	241381943	-0.2091
TCGA-86-7954-01A	2	241383171	241383252	-1.696
TCGA-86-7954-01A	2	241383265	241537572	-0.193
TCGA-86-7954-01A	3	2170634	68229992	-0.3818
TCGA-86-7954-01A	3	68231012	68482591	-0.6233
TCGA-86-7954-01A	3	68483119	90198755	-0.3802
TCGA-86-7954-01A	3	90200333	111515672	-0.1987
TCGA-86-7954-01A	3	111516074	111516217	-1.4067
TCGA-86-7954-01A	3	111516448	113817639	-0.2088
TCGA-86-7954-01A	3	113818402	187924732	-0.0419
TCGA-86-7954-01A	3	187924970	187925148	-1.2075
TCGA-86-7954-01A	3	187925558	194248772	-0.0276
TCGA-86-7954-01A	3	194249639	194251028	-0.8361
TCGA-86-7954-01A	3	194252860	197812401	-0.0211
TCGA-86-7954-01A	4	1059384	7579548	-0.004
TCGA-86-7954-01A	4	7579586	7583455	0.9755
TCGA-86-7954-01A	4	7584575	10276168	-0.0035
TCGA-86-7954-01A	4	10276928	29314452	-0.033
TCGA-86-7954-01A	4	29316617	29316627	-1.5327
TCGA-86-7954-01A	4	29316643	90842785	-0.038
TCGA-86-7954-01A	4	90842841	91142587	-0.3882
TCGA-86-7954-01A	4	91144952	187842528	-0.0478
TCGA-86-7954-01A	5	913983	6679603	0.4727
TCGA-86-7954-01A	5	6681074	13814986	0.4381
TCGA-86-7954-01A	5	13821642	15331291	0.4644
TCGA-86-7954-01A	5	15332460	15332592	-0.0829
TCGA-86-7954-01A	5	15332597	17261292	0.4716
TCGA-86-7954-01A	5	17264531	31144440	0.4185
TCGA-86-7954-01A	5	31144534	39445425	0.4452
TCGA-86-7954-01A	5	39446957	45378354	0.4124
TCGA-86-7954-01A	5	45383300	52907891	0.1974
TCGA-86-7954-01A	5	52908149	62636050	0.0617
TCGA-86-7954-01A	5	62636554	62859738	-0.0747
TCGA-86-7954-01A	5	62859803	103693035	0.0561
TCGA-86-7954-01A	5	103693070	118571597	0.1859
TCGA-86-7954-01A	5	118572089	119059099	0.0557
TCGA-86-7954-01A	5	119060533	119182278	0.1718
TCGA-86-7954-01A	5	119182473	119252308	0.455
TCGA-86-7954-01A	5	119258567	133231043	0.1815
TCGA-86-7954-01A	5	133233203	137333005	0.2234
TCGA-86-7954-01A	5	137333306	168812576	0.1907
TCGA-86-7954-01A	5	168815458	180934240	0.2178
TCGA-86-7954-01A	6	1011760	61995967	0.2375
TCGA-86-7954-01A	6	61997852	70608563	0.2112
TCGA-86-7954-01A	6	70609166	72320172	0.2329
TCGA-86-7954-01A	6	72326334	115885106	0.0817
TCGA-86-7954-01A	6	115885406	116388608	-0.0758
TCGA-86-7954-01A	6	116390772	146161710	0.0762
TCGA-86-7954-01A	6	146162510	161675310	0.0941
TCGA-86-7954-01A	6	161675534	161885947	0.0406
TCGA-86-7954-01A	6	161886241	162182286	-0.2225
TCGA-86-7954-01A	6	162193269	162215423	-0.4704
TCGA-86-7954-01A	6	162215598	170596889	0.1009
TCGA-86-7954-01A	7	664936	22765320	0.096
TCGA-86-7954-01A	7	22765941	23527190	-0.201
TCGA-86-7954-01A	7	23527593	24774853	0.0914
TCGA-86-7954-01A	7	24778524	30470455	-0.1987
TCGA-86-7954-01A	7	30470918	33086063	0.11
TCGA-86-7954-01A	7	33150545	34144768	-0.2105
TCGA-86-7954-01A	7	34152900	34446956	0.1096
TCGA-86-7954-01A	7	34447150	35170423	-0.1846
TCGA-86-7954-01A	7	35173804	35374843	0.1326
TCGA-86-7954-01A	7	35378390	37228150	-0.2178
TCGA-86-7954-01A	7	37233148	37760974	0.0916
TCGA-86-7954-01A	7	37760982	37941445	-0.2065
TCGA-86-7954-01A	7	37945149	37951315	0.1607
TCGA-86-7954-01A	7	37952601	40831941	-0.203
TCGA-86-7954-01A	7	40832259	41562777	0.0954
TCGA-86-7954-01A	7	41567668	53848005	-0.2073
TCGA-86-7954-01A	7	53848157	56356123	0.0952
TCGA-86-7954-01A	7	56357046	57864241	-0.2096
TCGA-86-7954-01A	7	57876479	97600244	0.0973
TCGA-86-7954-01A	7	97600466	103479514	0.2267
TCGA-86-7954-01A	7	103479770	110912741	0.2118
TCGA-86-7954-01A	7	110912761	111135533	0.0727
TCGA-86-7954-01A	7	111712844	121519245	0.2056
TCGA-86-7954-01A	7	121521500	156590654	0.2277
TCGA-86-7954-01A	7	156591586	156891551	0.0963
TCGA-86-7954-01A	7	156894844	158592540	0.2587
TCGA-86-7954-01A	8	667625	32717327	-0.6378
TCGA-86-7954-01A	8	32719726	144182542	0.2061
TCGA-86-7954-01A	9	789794	9039222	-0.0206
TCGA-86-7954-01A	9	9039395	9151640	-0.1961
TCGA-86-7954-01A	9	9151935	9423704	-0.421
TCGA-86-7954-01A	9	9423938	9531452	-0.1948
TCGA-86-7954-01A	9	9533062	12776631	-0.036
TCGA-86-7954-01A	9	12776841	12780296	-0.9582
TCGA-86-7954-01A	9	12780671	13846801	-0.012
TCGA-86-7954-01A	9	13852140	13883973	-0.2348
TCGA-86-7954-01A	9	13884031	18143387	-0.0149
TCGA-86-7954-01A	9	18149176	18163623	-0.7482
TCGA-86-7954-01A	9	18163918	21800514	-0.0312
TCGA-86-7954-01A	9	21801320	22430976	-0.1512
TCGA-86-7954-01A	9	22432667	22448739	0.1858
TCGA-86-7954-01A	9	22449181	68426962	-0.1771
TCGA-86-7954-01A	9	68429974	81361032	-0.3863
TCGA-86-7954-01A	9	81361754	81363401	-1.8038
TCGA-86-7954-01A	9	81364245	82746642	-0.3807
TCGA-86-7954-01A	9	82746746	111647529	-0.1842
TCGA-86-7954-01A	9	111648256	138044505	-0.3846
TCGA-86-7954-01A	10	366509	51442945	-0.0338
TCGA-86-7954-01A	10	51443026	121359126	-0.0604
TCGA-86-7954-01A	10	121359531	133121116	-0.0268
TCGA-86-7954-01A	10	133122412	133190570	-0.1892
TCGA-86-7954-01A	10	133203815	133255220	-0.7857
TCGA-86-7954-01A	10	133263092	133411599	-0.2008
TCGA-86-7954-01A	11	456012	3831916	0.1143
TCGA-86-7954-01A	11	3832116	21911261	0.0938
TCGA-86-7954-01A	11	21911671	41194730	0.0803
TCGA-86-7954-01A	11	41194918	68621934	0.0981
TCGA-86-7954-01A	11	68637532	71484605	0.1391
TCGA-86-7954-01A	11	71484951	82666835	0.0973
TCGA-86-7954-01A	11	82667323	82674676	-0.8046
TCGA-86-7954-01A	11	82675398	113368987	0.0891
TCGA-86-7954-01A	11	113369069	134272740	0.1094
TCGA-86-7954-01A	12	780472	18851481	0.0994
TCGA-86-7954-01A	12	18851742	18974404	1.1668
TCGA-86-7954-01A	12	18982734	18984614	0.0931
TCGA-86-7954-01A	12	18990248	19183676	0.6408
TCGA-86-7954-01A	12	19184061	19295070	1.1085
TCGA-86-7954-01A	12	19305202	19806888	1.5494
TCGA-86-7954-01A	12	19807445	19980253	1.3194
TCGA-86-7954-01A	12	19981359	20585906	0.0891
TCGA-86-7954-01A	12	20590097	20954515	0.4413
TCGA-86-7954-01A	12	20956944	20961527	-0.0702
TCGA-86-7954-01A	12	20961940	21046655	0.2622
TCGA-86-7954-01A	12	21054824	21168828	0.0754
TCGA-86-7954-01A	12	21176827	21767350	0.7598
TCGA-86-7954-01A	12	21780945	22052031	1.4018
TCGA-86-7954-01A	12	22052129	22091665	1.7384
TCGA-86-7954-01A	12	22099998	22142832	0.121
TCGA-86-7954-01A	12	22156477	22254556	0.4615
TCGA-86-7954-01A	12	22255760	23135324	0.6561
TCGA-86-7954-01A	12	23135835	23358313	0.9381
TCGA-86-7954-01A	12	23363209	23850634	1.4347
TCGA-86-7954-01A	12	23853734	24026870	0.9379
TCGA-86-7954-01A	12	24027652	24046157	0.6532
TCGA-86-7954-01A	12	24046305	24132263	0.5756
TCGA-86-7954-01A	12	24135181	25081712	0.2708
TCGA-86-7954-01A	12	25084104	25184358	0.9973
TCGA-86-7954-01A	12	25185340	25208712	1.5331
TCGA-86-7954-01A	12	25209046	25217605	1.1823
TCGA-86-7954-01A	12	25217669	25217841	0.3061
TCGA-86-7954-01A	12	25218528	25249135	1.0841
TCGA-86-7954-01A	12	25249274	25249534	0.1
TCGA-86-7954-01A	12	25251670	25456779	1.177
TCGA-86-7954-01A	12	25460658	25625391	0.4676
TCGA-86-7954-01A	12	25627615	27310476	0.0937
TCGA-86-7954-01A	12	27312257	28101279	0.453
TCGA-86-7954-01A	12	28101784	28547198	1.0409
TCGA-86-7954-01A	12	28597495	28654731	0.0871
TCGA-86-7954-01A	12	28655738	29623895	1.1461
TCGA-86-7954-01A	12	29624928	29726104	0.4647
TCGA-86-7954-01A	12	29743995	29833065	0.6746
TCGA-86-7954-01A	12	29841251	30802222	1.1274
TCGA-86-7954-01A	12	30809147	30821281	0.1936
TCGA-86-7954-01A	12	30821787	31098628	0.632
TCGA-86-7954-01A	12	31104761	31388284	0.7894
TCGA-86-7954-01A	12	31389257	31460367	0.5974
TCGA-86-7954-01A	12	31464336	31647327	0.9829
TCGA-86-7954-01A	12	31655285	32283029	1.2414
TCGA-86-7954-01A	12	32283308	32538537	1.0593
TCGA-86-7954-01A	12	32543076	33368216	0.7043
TCGA-86-7954-01A	12	38827290	40291492	0.0915
TCGA-86-7954-01A	12	40296180	40879069	0.9955
TCGA-86-7954-01A	12	40879424	40984553	0.8052
TCGA-86-7954-01A	12	40985988	41425732	0.5213
TCGA-86-7954-01A	12	41427134	41603573	0.6883
TCGA-86-7954-01A	12	41603848	41606806	0.8661
TCGA-86-7954-01A	12	41608680	42438999	0.0946
TCGA-86-7954-01A	12	42444993	43353700	0.842
TCGA-86-7954-01A	12	43353746	43532329	1.0765
TCGA-86-7954-01A	12	43627099	45891248	0.0921
TCGA-86-7954-01A	12	45894940	46138093	1.112
TCGA-86-7954-01A	12	46143340	47020070	0.0719
TCGA-86-7954-01A	12	47022804	47883930	0.5949
TCGA-86-7954-01A	12	47885857	49086185	0.2184
TCGA-86-7954-01A	12	49086202	49622092	0.0754
TCGA-86-7954-01A	12	49631143	49822178	1.0032
TCGA-86-7954-01A	12	49823018	50347133	1.3943
TCGA-86-7954-01A	12	50355511	50446988	0.7847
TCGA-86-7954-01A	12	50456157	50541526	0.6512
TCGA-86-7954-01A	12	50546024	55477140	0.107
TCGA-86-7954-01A	12	55497593	55677133	0.7447
TCGA-86-7954-01A	12	55677987	56091513	0.5535
TCGA-86-7954-01A	12	56093510	56144847	0.7227
TCGA-86-7954-01A	12	56149914	56192465	1.3042
TCGA-86-7954-01A	12	56192514	56192660	0.9829
TCGA-86-7954-01A	12	56193792	56273820	0.5503
TCGA-86-7954-01A	12	56274390	56493108	0.9302
TCGA-86-7954-01A	12	56505465	57345851	0.1001
TCGA-86-7954-01A	12	57347342	57381721	0.79
TCGA-86-7954-01A	12	57391640	57422139	1.1788
TCGA-86-7954-01A	12	57424202	57428693	0.4424
TCGA-86-7954-01A	12	57429409	57763498	1.2812
TCGA-86-7954-01A	12	57764205	58291815	1.4535
TCGA-86-7954-01A	12	58297240	59811291	0.1031
TCGA-86-7954-01A	12	59812246	59922546	0.783
TCGA-86-7954-01A	12	59924216	60355201	0.6205
TCGA-86-7954-01A	12	60357413	60884983	0.7208
TCGA-86-7954-01A	12	60891939	61217549	1.0259
TCGA-86-7954-01A	12	61218117	61229869	1.4171
TCGA-86-7954-01A	12	61232984	61240173	0.0546
TCGA-86-7954-01A	12	61243029	61865291	0.9294
TCGA-86-7954-01A	12	61866847	62100996	0.0988
TCGA-86-7954-01A	12	62105295	62692811	1.3454
TCGA-86-7954-01A	12	62695076	63751525	1.0015
TCGA-86-7954-01A	12	63757045	64368134	0.1047
TCGA-86-7954-01A	12	64368414	64378424	0.7949
TCGA-86-7954-01A	12	64381205	82595572	0.0947
TCGA-86-7954-01A	12	82595812	87513057	0.1949
TCGA-86-7954-01A	12	87513651	89518148	0.3257
TCGA-86-7954-01A	12	89520774	90501675	0.1883
TCGA-86-7954-01A	12	90503645	114121479	0.0855
TCGA-86-7954-01A	12	114121561	132605822	0.2251
TCGA-86-7954-01A	13	18874255	28610855	-0.3829
TCGA-86-7954-01A	13	28611685	28613074	-1.3091
TCGA-86-7954-01A	13	28613542	30414664	-0.3897
TCGA-86-7954-01A	13	30419797	84131546	-0.1989
TCGA-86-7954-01A	13	84134068	84170472	-0.597
TCGA-86-7954-01A	13	84171138	114226675	-0.1951
TCGA-86-7954-01A	14	20033191	37869539	-0.1835
TCGA-86-7954-01A	14	37873212	38103482	-0.368
TCGA-86-7954-01A	14	38105382	105533894	-0.189
TCGA-86-7954-01A	15	23437561	30997195	-0.3746
TCGA-86-7954-01A	15	30997246	31002248	-1.4102
TCGA-86-7954-01A	15	31002451	39563985	-0.3798
TCGA-86-7954-01A	15	39564006	42457862	-0.1748
TCGA-86-7954-01A	15	42461565	42721995	-0.0142
TCGA-86-7954-01A	15	42725228	43217827	-0.1807
TCGA-86-7954-01A	15	43220944	45003915	-0.0205
TCGA-86-7954-01A	15	45007735	46118345	0.116
TCGA-86-7954-01A	15	46118638	53605207	-0.0164
TCGA-86-7954-01A	15	53606083	60232232	-0.1885
TCGA-86-7954-01A	15	60233458	62996965	-0.3884
TCGA-86-7954-01A	15	62998080	63267938	-0.1886
TCGA-86-7954-01A	15	63269102	63274503	-1.6037
TCGA-86-7954-01A	15	63278468	64159236	-0.2037
TCGA-86-7954-01A	15	64161965	66953279	-0.0214
TCGA-86-7954-01A	15	66955216	66955464	-1.3805
TCGA-86-7954-01A	15	66955514	71792354	-0.0184
TCGA-86-7954-01A	15	71802517	73395230	-0.172
TCGA-86-7954-01A	15	73401401	75022987	-0.3518
TCGA-86-7954-01A	15	75023034	75026141	-1.7588
TCGA-86-7954-01A	15	75029421	82945533	-0.3857
TCGA-86-7954-01A	15	82946202	82946522	-3.1453
TCGA-86-7954-01A	15	82948917	89427760	-0.3841
TCGA-86-7954-01A	15	89428642	90434853	-0.1851
TCGA-86-7954-01A	15	90439524	91874624	-0.0197
TCGA-86-7954-01A	15	91875373	92021129	-0.2278
TCGA-86-7954-01A	15	92021189	93478217	-0.0212
TCGA-86-7954-01A	15	93478502	99729475	-0.3877
TCGA-86-7954-01A	15	99729591	100954675	-0.2159
TCGA-86-7954-01A	15	100954766	101344124	-0.4044
TCGA-86-7954-01A	16	603333	11999003	0.0106
TCGA-86-7954-01A	16	12000292	46616978	0.1609
TCGA-86-7954-01A	16	46617874	69218123	0.0087
TCGA-86-7954-01A	16	69221116	89317317	-0.1819
TCGA-86-7954-01A	17	1074619	21112486	-0.1865
TCGA-86-7954-01A	17	21112934	26973990	0.0724
TCGA-86-7954-01A	17	26975284	29172152	0.2063
TCGA-86-7954-01A	17	29172901	32139623	-0.0348
TCGA-86-7954-01A	17	32148412	32849022	0.229
TCGA-86-7954-01A	17	32851582	33333128	0.3196
TCGA-86-7954-01A	17	33333359	33362600	0.2267
TCGA-86-7954-01A	17	33365347	33376073	0.0369
TCGA-86-7954-01A	17	33376305	33502005	0.3003
TCGA-86-7954-01A	17	33506834	34616624	0.0941
TCGA-86-7954-01A	17	34617146	35796994	0.3339
TCGA-86-7954-01A	17	35801520	35802116	1.3074
TCGA-86-7954-01A	17	35804728	40493283	0.3191
TCGA-86-7954-01A	17	40495195	43814960	-0.0418
TCGA-86-7954-01A	17	43815554	44071829	-0.1945
TCGA-86-7954-01A	17	44076643	44204065	-0.0222
TCGA-86-7954-01A	17	44204705	45436394	0.0942
TCGA-86-7954-01A	17	45461373	48648579	0.3114
TCGA-86-7954-01A	17	48652405	49342299	0.1158
TCGA-86-7954-01A	17	49342487	49867581	-0.2295
TCGA-86-7954-01A	17	49869998	59466445	-0.0319
TCGA-86-7954-01A	17	59471831	60245298	0.0638
TCGA-86-7954-01A	17	60245368	60603815	0.2951
TCGA-86-7954-01A	17	60604156	62388785	0.0866
TCGA-86-7954-01A	17	62391018	63951808	0.3009
TCGA-86-7954-01A	17	63952071	65452672	0.1015
TCGA-86-7954-01A	17	65454701	70169824	0.2269
TCGA-86-7954-01A	17	70170212	82959812	-0.0408
TCGA-86-7954-01A	18	326691	3777899	-0.1951
TCGA-86-7954-01A	18	3778593	57043223	-0.3791
TCGA-86-7954-01A	18	57043954	79349796	-0.597
TCGA-86-7954-01A	19	283868	1389780	-0.0255
TCGA-86-7954-01A	19	1389816	2283141	-0.3617
TCGA-86-7954-01A	19	2284012	58370362	-0.1875
TCGA-86-7954-01A	20	472817	1236929	0.2261
TCGA-86-7954-01A	20	1237921	3670622	0.0923
TCGA-86-7954-01A	20	3685608	4189278	-0.0494
TCGA-86-7954-01A	20	4190261	5737655	0.1103
TCGA-86-7954-01A	20	5742731	8104424	0.2266
TCGA-86-7954-01A	20	8104743	16050612	-0.0433
TCGA-86-7954-01A	20	16050782	16221794	0.1099
TCGA-86-7954-01A	20	16222025	17846852	-0.0366
TCGA-86-7954-01A	20	17846978	19380545	0.1009
TCGA-86-7954-01A	20	19382280	19802236	-0.0423
TCGA-86-7954-01A	20	19806086	19927131	0.1084
TCGA-86-7954-01A	20	19928559	21536767	0.2377
TCGA-86-7954-01A	20	21540677	25349279	0.1139
TCGA-86-7954-01A	20	25349394	31926581	-0.0268
TCGA-86-7954-01A	20	31928852	32597483	0.1079
TCGA-86-7954-01A	20	32597895	32924706	-0.0535
TCGA-86-7954-01A	20	32929764	35130903	0.0996
TCGA-86-7954-01A	20	35131010	36133633	0.1886
TCGA-86-7954-01A	20	36138183	37313048	0.0789
TCGA-86-7954-01A	20	37314376	37615421	0.2501
TCGA-86-7954-01A	20	37618336	41247964	0.1014
TCGA-86-7954-01A	20	41254300	42743085	0.2336
TCGA-86-7954-01A	20	42743224	45325351	0.0942
TCGA-86-7954-01A	20	45330146	50440951	0.5547
TCGA-86-7954-01A	20	50441492	50568538	0.4417
TCGA-86-7954-01A	20	50569112	51471726	0.5681
TCGA-86-7954-01A	20	51476618	51923515	0.6421
TCGA-86-7954-01A	20	51924578	56854768	0.5531
TCGA-86-7954-01A	20	56858185	57273147	0.6958
TCGA-86-7954-01A	20	57276592	63588502	0.5735
TCGA-86-7954-01A	21	13974127	35362263	-0.0312
TCGA-86-7954-01A	21	35366854	36746119	0.1206
TCGA-86-7954-01A	21	36749236	39862592	-0.0128
TCGA-86-7954-01A	21	39863694	39863737	-1.0473
TCGA-86-7954-01A	21	39863769	41614544	-0.0016
TCGA-86-7954-01A	21	41615594	43032653	-0.2012
TCGA-86-7954-01A	21	43032703	46262057	-0.0146
TCGA-86-7954-01A	22	16934932	48940621	-0.1921
TCGA-86-7954-01A	X	3236359	28839281	-0.0517
TCGA-86-7954-01A	X	28839566	29106408	-0.2293
TCGA-86-7954-01A	X	29106499	29170270	-0.0685
TCGA-86-7954-01A	X	29172025	29265857	-0.2238
TCGA-86-7954-01A	X	29267000	40641775	-0.0478
TCGA-86-7954-01A	X	40645536	41037197	0.7796
TCGA-86-7954-01A	X	41037216	41135291	0.5179
TCGA-86-7954-01A	X	41135974	41185744	0.4139
TCGA-86-7954-01A	X	41185759	41214003	0.071
TCGA-86-7954-01A	X	41218931	41297692	0.4823
TCGA-86-7954-01A	X	41302524	41537452	0.106
TCGA-86-7954-01A	X	41543371	43845035	0.725
TCGA-86-7954-01A	X	43850011	44856737	1.0373
TCGA-86-7954-01A	X	44864329	45220167	0.7312
TCGA-86-7954-01A	X	45227573	45330978	0.9065
TCGA-86-7954-01A	X	45331274	45498447	0.7145
TCGA-86-7954-01A	X	45498837	45807804	0.8843
TCGA-86-7954-01A	X	45807926	46253513	0.9847
TCGA-86-7954-01A	X	46258269	46929013	1.2977
TCGA-86-7954-01A	X	46929028	47150925	1.0334
TCGA-86-7954-01A	X	47152265	50895685	-0.0527
TCGA-86-7954-01A	X	50895783	50896531	0.9789
TCGA-86-7954-01A	X	50897971	128316615	-0.0705
TCGA-86-7954-01A	X	128317297	128698761	0.0134
TCGA-86-7954-01A	X	128701312	135972060	0.1261
TCGA-86-7954-01A	X	135972278	145251163	0.032
TCGA-86-7954-01A	X	145251522	145979581	-0.0724
TCGA-86-7954-01A	X	145979694	155677414	0.0511
TCGA-55-8206-01A	1	3301765	55660063	0.1645
TCGA-55-8206-01A	1	55663431	55663693	-1.299
TCGA-55-8206-01A	1	55667795	69479565	0.177
TCGA-55-8206-01A	1	69481941	69553211	-0.0452
TCGA-55-8206-01A	1	69553834	69711323	0.1514
TCGA-55-8206-01A	1	69713037	114874222	-0.0372
TCGA-55-8206-01A	1	114875148	115588647	0.1816
TCGA-55-8206-01A	1	115589429	119551502	-0.0394
TCGA-55-8206-01A	1	119551952	247650984	0.1745
TCGA-55-8206-01A	2	480597	134247719	-0.0411
TCGA-55-8206-01A	2	134250861	225390967	-0.0313
TCGA-55-8206-01A	2	225392089	241537572	-0.0506
TCGA-55-8206-01A	3	2170634	98678664	-0.3076
TCGA-55-8206-01A	3	98688460	98688556	0.7934
TCGA-55-8206-01A	3	98698130	197812401	-0.3047
TCGA-55-8206-01A	4	1059384	7633093	-0.0663
TCGA-55-8206-01A	4	7633664	7639825	-1.2487
TCGA-55-8206-01A	4	7639979	10182390	-0.089
TCGA-55-8206-01A	4	10186298	184258990	-0.0324
TCGA-55-8206-01A	4	184261379	187842528	-0.0509
TCGA-55-8206-01A	5	913983	11725933	0.164
TCGA-55-8206-01A	5	11727908	168125671	0.1799
TCGA-55-8206-01A	5	168126366	180934240	0.1637
TCGA-55-8206-01A	6	1011760	87351321	0.1765
TCGA-55-8206-01A	6	87351857	87351935	-1.4854
TCGA-55-8206-01A	6	87352119	170596889	0.1819
TCGA-55-8206-01A	7	664936	158592540	0.1764
TCGA-55-8206-01A	8	667625	36381847	-0.0517
TCGA-55-8206-01A	8	36582891	59154934	0.1682
TCGA-55-8206-01A	8	59156553	127828030	0.1776
TCGA-55-8206-01A	8	127828974	144182542	0.1595
TCGA-55-8206-01A	9	789794	133398457	-0.3113
TCGA-55-8206-01A	9	133399364	136433406	-0.366
TCGA-55-8206-01A	9	136444175	138044505	-0.3146
TCGA-55-8206-01A	10	366509	404673	-0.1856
TCGA-55-8206-01A	10	408222	11628479	-0.047
TCGA-55-8206-01A	10	11630973	13415334	-0.3164
TCGA-55-8206-01A	10	13415930	42457632	-0.035
TCGA-55-8206-01A	10	42457683	133411599	-0.3109
TCGA-55-8206-01A	11	456012	92641549	-0.0482
TCGA-55-8206-01A	11	92641999	93757356	-0.3326
TCGA-55-8206-01A	11	93760962	121746876	-0.0409
TCGA-55-8206-01A	11	121747279	121754099	-1.1305
TCGA-55-8206-01A	11	121760482	134272740	-0.0504
TCGA-55-8206-01A	12	780472	132605822	-0.0402
TCGA-55-8206-01A	13	18874255	46170010	-0.3144
TCGA-55-8206-01A	13	46170317	46261825	-0.0351
TCGA-55-8206-01A	13	46262066	46313458	-0.3527
TCGA-55-8206-01A	13	46316312	114226675	-0.0348
TCGA-55-8206-01A	14	20033191	105533894	0.1772
TCGA-55-8206-01A	15	23437561	101344124	-0.0569
TCGA-55-8206-01A	16	603333	89317317	0.1669
TCGA-55-8206-01A	17	1074619	48465096	-0.0546
TCGA-55-8206-01A	17	48468096	49008953	0.151
TCGA-55-8206-01A	17	49012355	82959812	-0.0533
TCGA-55-8206-01A	18	326691	79349796	-0.0436
TCGA-55-8206-01A	19	283868	58370362	-0.0561
TCGA-55-8206-01A	20	472817	8795371	0.1614
TCGA-55-8206-01A	20	8795463	10055957	-0.0554
TCGA-55-8206-01A	20	10056588	17588246	0.1739
TCGA-55-8206-01A	20	17588326	18759374	-0.0332
TCGA-55-8206-01A	20	18760049	26152895	0.1612
TCGA-55-8206-01A	20	26156652	33385403	-0.0695
TCGA-55-8206-01A	20	33391926	33400310	0.5361
TCGA-55-8206-01A	20	33413515	35042266	-0.067
TCGA-55-8206-01A	20	35046269	35071678	0.5538
TCGA-55-8206-01A	20	35075395	35643123	-0.0667
TCGA-55-8206-01A	20	35645081	35802968	0.6449
TCGA-55-8206-01A	20	35803413	35929213	0.0278
TCGA-55-8206-01A	20	35929487	35992297	0.6021
TCGA-55-8206-01A	20	35993688	36082403	-0.0284
TCGA-55-8206-01A	20	36088964	36251600	0.6251
TCGA-55-8206-01A	20	36258017	38372987	-0.0527
TCGA-55-8206-01A	20	38374215	38715480	0.1237
TCGA-55-8206-01A	20	38720715	38733301	0.6285
TCGA-55-8206-01A	20	38738543	38941011	0.1388
TCGA-55-8206-01A	20	38942082	42232983	-0.0558
TCGA-55-8206-01A	20	42233352	42366567	0.6478
TCGA-55-8206-01A	20	42370693	42742323	-0.0627
TCGA-55-8206-01A	20	42743028	42759702	0.2459
TCGA-55-8206-01A	20	42759830	42842315	-0.0377
TCGA-55-8206-01A	20	42857615	43150317	0.6466
TCGA-55-8206-01A	20	43153672	43198791	0.0493
TCGA-55-8206-01A	20	43199269	43267432	0.6228
TCGA-55-8206-01A	20	43271465	43375990	0.8427
TCGA-55-8206-01A	20	43378655	43383995	0.172
TCGA-55-8206-01A	20	43384041	43401408	0.7421
TCGA-55-8206-01A	20	43406210	44574000	-0.0683
TCGA-55-8206-01A	20	44574477	44638624	0.5762
TCGA-55-8206-01A	20	44639283	45758140	-0.0689
TCGA-55-8206-01A	20	45767202	45790981	0.5278
TCGA-55-8206-01A	20	45791641	45794066	1.0756
TCGA-55-8206-01A	20	45801844	45813470	0.5635
TCGA-55-8206-01A	20	45824058	46279305	-0.0685
TCGA-55-8206-01A	20	46279888	46294270	0.5522
TCGA-55-8206-01A	20	46298238	46427048	-0.03
TCGA-55-8206-01A	20	46433767	46473894	0.7139
TCGA-55-8206-01A	20	46474533	46520688	-0.0853
TCGA-55-8206-01A	20	46523225	46604166	0.6281
TCGA-55-8206-01A	20	46606931	49211865	-0.0641
TCGA-55-8206-01A	20	49213871	49231083	0.6472
TCGA-55-8206-01A	20	49235382	49274119	-0.0422
TCGA-55-8206-01A	20	49281653	49528991	0.6063
TCGA-55-8206-01A	20	49529692	50131429	-0.0764
TCGA-55-8206-01A	20	50131656	50639287	0.9865
TCGA-55-8206-01A	20	50640900	50857697	0.6193
TCGA-55-8206-01A	20	50860139	51074482	-0.0441
TCGA-55-8206-01A	20	51082424	51123374	0.6776
TCGA-55-8206-01A	20	51126634	51917712	-0.0549
TCGA-55-8206-01A	20	51921115	51923515	0.636
TCGA-55-8206-01A	20	51924578	52764965	-0.0547
TCGA-55-8206-01A	20	52769060	53534646	0.7889
TCGA-55-8206-01A	20	53538813	53814782	0.962
TCGA-55-8206-01A	20	53823580	53826159	0.4965
TCGA-55-8206-01A	20	53830617	53956739	1.0935
TCGA-55-8206-01A	20	53957255	54061871	0.7719
TCGA-55-8206-01A	20	54061925	54113747	1.0173
TCGA-55-8206-01A	20	54115823	54291346	0.54
TCGA-55-8206-01A	20	54294923	55155817	0.1563
TCGA-55-8206-01A	20	55155848	56030264	-0.0652
TCGA-55-8206-01A	20	56030358	56719483	0.1462
TCGA-55-8206-01A	20	56781498	57064885	0.878
TCGA-55-8206-01A	20	57065238	57110371	1.1315
TCGA-55-8206-01A	20	57113701	57273147	1.4138
TCGA-55-8206-01A	20	57276592	57714346	1.2886
TCGA-55-8206-01A	20	57715443	57887337	1.4401
TCGA-55-8206-01A	20	57888495	59742196	1.6952
TCGA-55-8206-01A	20	59746746	59844316	1.8505
TCGA-55-8206-01A	20	59845181	59994623	2.1405
TCGA-55-8206-01A	20	59995534	60330436	1.911
TCGA-55-8206-01A	20	60330563	61605068	1.693
TCGA-55-8206-01A	20	61607597	62004676	1.9276
TCGA-55-8206-01A	20	62007250	62007781	2.9003
TCGA-55-8206-01A	20	62009016	62754216	1.9254
TCGA-55-8206-01A	20	62754435	63588502	1.731
TCGA-55-8206-01A	21	13974127	31466774	0.1829
TCGA-55-8206-01A	21	31467324	46262057	0.1607
TCGA-55-8206-01A	22	16934932	48940621	-0.0583
TCGA-55-8206-01A	X	3236359	155677414	-0.0017
TCGA-73-4675-01A	1	3301765	56739922	-0.1161
TCGA-73-4675-01A	1	56739993	118507115	-0.0945
TCGA-73-4675-01A	1	118508277	119984772	-0.124
TCGA-73-4675-01A	1	146716041	187737074	0.3828
TCGA-73-4675-01A	1	187737565	199471598	0.4044
TCGA-73-4675-01A	1	199482955	247650984	0.3782
TCGA-73-4675-01A	2	480597	15659982	0.1486
TCGA-73-4675-01A	2	15660519	15664270	-0.9691
TCGA-73-4675-01A	2	15664332	85544590	0.1569
TCGA-73-4675-01A	2	85546045	85835921	0.5522
TCGA-73-4675-01A	2	85837762	136160963	0.1529
TCGA-73-4675-01A	2	136164133	213252579	0.1659
TCGA-73-4675-01A	2	213253001	241537572	0.1416
TCGA-73-4675-01A	3	2170634	20427466	-0.0806
TCGA-73-4675-01A	3	20435584	20436006	-1.4621
TCGA-73-4675-01A	3	20436165	42988610	-0.0894
TCGA-73-4675-01A	3	42991318	46561166	-0.4439
TCGA-73-4675-01A	3	46565765	46571732	-2.8296
TCGA-73-4675-01A	3	46575821	62054872	-0.4662
TCGA-73-4675-01A	3	62055865	90453712	-0.085
TCGA-73-4675-01A	3	91390926	160607670	-0.4409
TCGA-73-4675-01A	3	160610536	180055514	-0.0911
TCGA-73-4675-01A	3	180055705	180058413	-1.708
TCGA-73-4675-01A	3	180058994	197812401	-0.1017
TCGA-73-4675-01A	4	1059384	5589427	-0.1066
TCGA-73-4675-01A	4	5590272	5592474	-1.2075
TCGA-73-4675-01A	4	5599900	187842528	-0.0899
TCGA-73-4675-01A	5	913983	938583	0.275
TCGA-73-4675-01A	5	940557	16828124	0.5551
TCGA-73-4675-01A	5	16830997	16831190	-1.0484
TCGA-73-4675-01A	5	16834459	50829022	0.5616
TCGA-73-4675-01A	5	50837510	83068576	0.155
TCGA-73-4675-01A	5	83068681	83069197	-1.39
TCGA-73-4675-01A	5	83069979	180934240	0.1582
TCGA-73-4675-01A	6	1011760	6423461	-0.4866
TCGA-73-4675-01A	6	6423495	6423583	-2.0766
TCGA-73-4675-01A	6	6432131	24532946	-0.473
TCGA-73-4675-01A	6	24533204	30415991	-0.4292
TCGA-73-4675-01A	6	30416022	30416099	-2.7765
TCGA-73-4675-01A	6	30419626	130484789	-0.4414
TCGA-73-4675-01A	6	130484903	130485171	-3.2026
TCGA-73-4675-01A	6	130485485	132731477	-0.4492
TCGA-73-4675-01A	6	132731557	132733819	-2.1031
TCGA-73-4675-01A	6	132734031	137626071	-0.4346
TCGA-73-4675-01A	6	137626568	137626851	-2.5327
TCGA-73-4675-01A	6	137628104	147559865	-0.4398
TCGA-73-4675-01A	6	147560035	148180808	-0.4738
TCGA-73-4675-01A	6	148185476	148185808	-3.134
TCGA-73-4675-01A	6	148186119	160205041	-0.4678
TCGA-73-4675-01A	6	160207775	160221496	-2.9072
TCGA-73-4675-01A	6	160222296	170596889	-0.4612
TCGA-73-4675-01A	7	664936	55662548	0.2981
TCGA-73-4675-01A	7	55664879	75777794	0.2557
TCGA-73-4675-01A	7	75789836	100980467	0.3014
TCGA-73-4675-01A	7	100983446	102451288	0.2138
TCGA-73-4675-01A	7	102766233	150351457	0.2997
TCGA-73-4675-01A	7	150352302	150631238	0.4453
TCGA-73-4675-01A	7	150631398	158592540	0.2877
TCGA-73-4675-01A	8	667625	15975718	0.1839
TCGA-73-4675-01A	8	15977731	15977784	-1.1086
TCGA-73-4675-01A	8	15978575	24611295	0.1771
TCGA-73-4675-01A	8	24611469	48431855	0.1588
TCGA-73-4675-01A	8	48434243	129492612	0.1785
TCGA-73-4675-01A	8	129493626	129499901	-1.3059
TCGA-73-4675-01A	8	129502377	144182542	0.1785
TCGA-73-4675-01A	9	789794	790037	-0.5467
TCGA-73-4675-01A	9	790234	99552757	-0.0975
TCGA-73-4675-01A	9	99556183	138044505	-0.4593
TCGA-73-4675-01A	10	366509	32771398	-0.0953
TCGA-73-4675-01A	10	32774996	33085783	-0.3611
TCGA-73-4675-01A	10	33085807	33918329	-0.2075
TCGA-73-4675-01A	10	33918344	34045970	-0.4325
TCGA-73-4675-01A	10	34049032	34137352	-0.2217
TCGA-73-4675-01A	10	34137757	34145453	-0.4839
TCGA-73-4675-01A	10	34146737	34280954	-0.1452
TCGA-73-4675-01A	10	34285254	34854431	-0.4196
TCGA-73-4675-01A	10	34855537	36359112	-0.309
TCGA-73-4675-01A	10	36359186	37099941	-0.4406
TCGA-73-4675-01A	10	37107264	38467145	-0.6742
TCGA-73-4675-01A	10	38467160	38770921	-0.4696
TCGA-73-4675-01A	10	42450960	64702912	0.1944
TCGA-73-4675-01A	10	64706407	64706726	-1.3984
TCGA-73-4675-01A	10	64709477	133411599	0.193
TCGA-73-4675-01A	11	456012	102648658	-0.104
TCGA-73-4675-01A	11	102648973	106626057	-0.0651
TCGA-73-4675-01A	11	106626388	134272740	-0.1041
TCGA-73-4675-01A	12	780472	6387544	0.1695
TCGA-73-4675-01A	12	6387997	6510260	0.5188
TCGA-73-4675-01A	12	6512945	33368216	0.1754
TCGA-73-4675-01A	12	38827290	39011660	-0.4366
TCGA-73-4675-01A	12	39015104	39527279	0.169
TCGA-73-4675-01A	12	39529018	39563603	-0.433
TCGA-73-4675-01A	12	39571984	39641895	0.2022
TCGA-73-4675-01A	12	39660451	40515915	-0.4016
TCGA-73-4675-01A	12	40518321	40551244	0.2708
TCGA-73-4675-01A	12	40551396	45315836	-0.4437
TCGA-73-4675-01A	12	45317103	45813330	0.159
TCGA-73-4675-01A	12	45817217	48366543	-0.4451
TCGA-73-4675-01A	12	48371797	49637899	0.1313
TCGA-73-4675-01A	12	49639043	50819650	-0.4902
TCGA-73-4675-01A	12	50824331	74197832	0.1568
TCGA-73-4675-01A	12	74198424	92986564	0.18
TCGA-73-4675-01A	12	92987058	105954557	0.1619
TCGA-73-4675-01A	12	105954591	105954605	-1.901
TCGA-73-4675-01A	12	105955186	132605822	0.1549
TCGA-73-4675-01A	13	18874255	45482443	-0.3266
TCGA-73-4675-01A	13	45482569	104829529	-0.3029
TCGA-73-4675-01A	13	104829705	114226675	-0.3258
TCGA-73-4675-01A	14	20033191	75802259	-0.0984
TCGA-73-4675-01A	14	75807079	75843358	-1.2958
TCGA-73-4675-01A	14	75855114	79638034	-0.103
TCGA-73-4675-01A	14	79646327	79646626	-1.5781
TCGA-73-4675-01A	14	79650973	85875492	-0.0903
TCGA-73-4675-01A	14	85878078	85880009	-1.6773
TCGA-73-4675-01A	14	85880625	105533894	-0.0982
TCGA-73-4675-01A	15	23437561	79606009	-0.1089
TCGA-73-4675-01A	15	79606321	79614039	-0.8341
TCGA-73-4675-01A	15	79614759	101344124	-0.103
TCGA-73-4675-01A	16	603333	25847331	0.1489
TCGA-73-4675-01A	16	25849806	25851795	-1.6216
TCGA-73-4675-01A	16	25852235	31841585	0.1542
TCGA-73-4675-01A	16	46470502	89309871	-0.1146
TCGA-73-4675-01A	16	89309881	89317317	0.2453
TCGA-73-4675-01A	17	1074619	82959812	0.1532
TCGA-73-4675-01A	18	326691	79349796	0.1712
TCGA-73-4675-01A	19	283868	4232029	-0.4749
TCGA-73-4675-01A	19	4241203	15113369	0.1401
TCGA-73-4675-01A	19	15114945	15115297	-1.2528
TCGA-73-4675-01A	19	15115373	58370362	0.1506
TCGA-73-4675-01A	20	472817	26217263	0.1646
TCGA-73-4675-01A	20	26217295	34580080	0.5448
TCGA-73-4675-01A	20	34583220	40738239	0.1561
TCGA-73-4675-01A	20	40739657	44213258	-0.4728
TCGA-73-4675-01A	20	44217026	44502204	0.1451
TCGA-73-4675-01A	20	44508282	45148865	-0.454
TCGA-73-4675-01A	20	45149214	45481911	0.1974
TCGA-73-4675-01A	20	45484180	49486817	-0.4774
TCGA-73-4675-01A	20	49490871	49663395	0.1377
TCGA-73-4675-01A	20	49663892	50441492	-0.466
TCGA-73-4675-01A	20	50443691	50462792	0.3142
TCGA-73-4675-01A	20	50468197	50477695	-0.6558
TCGA-73-4675-01A	20	50478273	50834652	0.1473
TCGA-73-4675-01A	20	50839494	53422126	-0.4913
TCGA-73-4675-01A	20	53424094	54282691	0.1577
TCGA-73-4675-01A	20	54284876	54514507	-0.4274
TCGA-73-4675-01A	20	54515600	55121706	0.1574
TCGA-73-4675-01A	20	55122582	59912717	-0.488
TCGA-73-4675-01A	20	59913429	60456756	0.1735
TCGA-73-4675-01A	20	60458542	60703394	-0.4672
TCGA-73-4675-01A	20	60705281	61213165	0.117
TCGA-73-4675-01A	20	61216486	62061673	-0.5069
TCGA-73-4675-01A	20	62072127	62405352	0.1234
TCGA-73-4675-01A	20	62422274	63062858	-0.4548
TCGA-73-4675-01A	20	63065274	63588502	0.1362
TCGA-73-4675-01A	21	13974127	46262057	-0.0989
TCGA-73-4675-01A	22	16934932	48940621	0.1522
TCGA-73-4675-01A	X	3236359	155677414	3e-04
